Log by Admin: PHP on Wed 04/22/2026  1:59:43.25 
------------------------------------------- 
773860372@
28730895 
28730896 
28730897 
28730898 
28730899 
28730900 
28730901 
28730902 
28730903 
28730904 
28730905 
28730906 
28730907 
28730908 
28730909 
28730910 
28730911 
28730912 
28730913 
28730914 
28730915 
28730916 
28730917 
28730918 
28730919 
28730920 
28730921 
28730922 
28730923 
28730924 
28730925 
28730926 
28730927 
28730928 
28730929 
28730930 
28730931 
28730932 
28730933 
28730934 
28730935 
28730936 
28730937 
28730938 
28730939 
28730940 
28730941 
28730942 
28730943 
28730944 
28730945 
28730946 
28730947 
28730948 
28730949 
28730950 
28730951 
28730952 
28730953 
28730954 
28730955 
28730956 
28730957 
28730958 
28730959 
28730960 
28730961 
28730962 
28730963 
28730964 
28730965 
28730966 
28730967 
28730968 
28730969 
28730970 
28730971 
28730972 
28730973 
28730974 
28730975 
28730976 
28730977 
28730978 
28730979 
28730980 
28730981 
28730982 
28730983 
28730984 
28730985 
28730986 
28730987 
28730988 
28730989 
28730990 
28730991 
28730992 
28730993 
28730994 
28730995 
28730996 
28730997 
28730998 
28730999 
28731000 
28731001 
28731002 
28731003 
28731004 
28731005 
28731006 
28731007 
28731008 
28731009 
28731010 
28731011 
28731012 
28731013 
28731014 
28731015 
28731016 
28731017 
28731018 
28731019 
28731020 
28731021 
28731022 
28731023 
28731024 
28731025 
28731026 
28731027 
28731028 
28731029 
28731030 
28731031 
28731032 
28731033 
28731034 
28731035 
28731036 
28731037 
28731038 
28731039 
28731040 
28731041 
28731042 
28731043 
28731044 
28731045 
28731046 
28731047 
28731048 
28731049 
28731050 
28731051 
28731052 
28731053 
28731054 
28731055 
28731056 
28731057 
28731058 
28731059 
28731060 
28731061 
28731062 
28731063 
28731064 
28731065 
28731066 
28731067 
28731068 
28731069 
28731070 
28731071 
28731072 
28731073 
28731074 
28731075 
28731076 
28731077 
28731078 
28731079 
28731080 
28731081 
28731082 
28731083 
28731084 
28731085 
28731086 
28731087 
28731088 
28731089 
28731090 
28731091 
28731092 
28731093 
28731094 
28731095 
28731096 
28731097 
28731098 
28731099 
28731100 
28731101 
28731102 
28731103 
28731104 
28731105 
28731106 
28731107 
28731108 
28731109 
28731110 
28731111 
28731112 
28731113 
28731114 
28731115 
28731116 
28731117 
28731118 
28731119 
28731120 
28731121 
28731122 
28731123 
28731124 
28731125 
28731126 
28731127 
28731128 
28731129 
28731130 
28731131 
28731132 
28731133 
28731134 
28731135 
28731136 
28731137 
28731138 
28731139 
28731140 
28731141 
28731142 
28731143 
28731144 
28731145 
28731146 
28731147 
28731148 
28731149 
28731150 
28731151 
28731152 
28731153 
28731154 
28731155 
28731156 
28731157 
28731158 
28731159 
28731160 
28731161 
28731162 
28731163 
28731164 
28731165 
28731166 
28731167 
28731168 
28731169 
28731170 
28731171 
28731172 
28731173 
28731174 
28731175 
28731176 
28731177 
28731178 
28731179 
28731180 
28731181 
28731182 
28731183 
28731184 
28731185 
28731186 
28731187 
28731188 
28731189 
28731190 
28731191 
28731192 
28731193 
28731194 
28731195 
28731196 
28731197 
28731198 
28731199 
28731200 
28731201 
28731202 
28731203 
28731204 
28731205 
28731206 
28731207 
28731208 
28731209 
28731210 
28731211 
28731212 
28731213 
28731214 
28731215 
28731216 
28731217 
28731218 
28731219 
28731220 
28731221 
28731222 
28731223 
28731224 
28731225 
28731226 
28731227 
28731228 
28731229 
28731230 
28731231 
28731232 
28731233 
28731234 
28731235 
28731236 
28731237 
28731238 
28731239 
28731240 
28731241 
28731242 
28731243 
28731244 
28731245 
28731246 
28731247 
28731248 
28731249 
28731250 
28731251 
28731252 
28731253 
28731254 
28731255 
28731256 
28731257 
28731258 
28731259 
28731260 
28731261 
28731262 
28731263 
28731264 
28731265 
28731266 
28731267 
28731268 
28731269 
28731270 
28731271 
28731272 
28731273 
28731274 
28731275 
28731276 
28731277 
28731278 
28731279 
28731280 
28731281 
28731282 
28731283 
28731284 
28731285 
28731286 
28731287 
28731288 
28731289 
28731290 
28731291 
28731292 
28731293 
28731294 
28731295 
28731296 
28731297 
28731298 
28731299 
28731300 
28731301 
28731302 
28731303 
28731304 
28731305 
28731306 
28731307 
28731308 
28731309 
28731310 
28731311 
28731312 
28731313 
28731314 
28731315 
28731316 
28731317 
28731318 
28731319 
28731320 
28731321 
28731322 
28731323 
28731324 
28731325 
28731326 
28731327 
28731328 
28731329 
28731330 
28731331 
28731332 
28731333 
28731334 
28731335 
28731336 
28731337 
28731338 
28731339 
28731340 
28731341 
28731342 
28731343 
28731344 
28731345 
28731346 
28731347 
28731348 
28731349 
28731350 
28731351 
28731352 
28731353 
28731354 
28731355 
28731356 
28731357 
28731358 
28731359 
28731360 
28731361 
28731362 
28731363 
28731364 
28731365 
28731366 
28731367 
28731368 
28731369 
28731370 
28731371 
28731372 
28731373 
28731374 
28731375 
28731376 
28731377 
28731378 
28731379 
28731380 
28731381 
28731382 
28731383 
28731384 
28731385 
28731386 
28731387 
28731388 
28731389 
28731390 
28731391 
28731392 
28731393 
28731394 
28731395 
28731396 
28731397 
28731398 
28731399 
28731400 
28731401 
28731402 
28731403 
28731404 
28731405 
28731406 
28731407 
28731408 
28731409 
28731410 
28731411 
28731412 
28731413 
28731414 
28731415 
28731416 
28731417 
28731418 
28731419 
28731420 
28731421 
28731422 
28731423 
28731424 
28731425 
28731426 
28731427 
28731428 
28731429 
28731430 
28731431 
28731432 
28731433 
28731434 
28731435 
28731436 
28731437 
28731438 
28731439 
28731440 
28731441 
28731442 
28731443 
28731444 
28731445 
28731446 
28731447 
28731448 
28731449 
28731450 
28731451 
28731452 
28731453 
28731454 
28731455 
28731456 
28731457 
28731458 
28731459 
28731460 
28731461 
28731462 
28731463 
28731464 
28731465 
28731466 
28731467 
28731468 
28731469 
28731470 
28731471 
28731472 
28731473 
28731474 
28731475 
28731476 
28731477 
28731478 
28731479 
28731480 
28731481 
28731482 
28731483 
28731484 
28731485 
28731486 
28731487 
28731488 
28731489 
28731490 
28731491 
28731492 
28731493 
28731494 
28731495 
28731496 
28731497 
28731498 
28731499 
28731500 
28731501 
28731502 
28731503 
28731504 
28731505 
28731506 
28731507 
28731508 
28731509 
28731510 
28731511 
28731512 
28731513 
28731514 
28731515 
28731516 
28731517 
28731518 
28731519 
28731520 
28731521 
28731522 
28731523 
28731524 
28731525 
28731526 
28731527 
28731528 
28731529 
28731530 
28731531 
28731532 
28731533 
28731534 
28731535 
28731536 
28731537 
28731538 
28731539 
28731540 
28731541 
28731542 
28731543 
28731544 
28731545 
28731546 
28731547 
28731548 
28731549 
28731550 
28731551 
28731552 
28731553 
28731554 
28731555 
28731556 
28731557 
28731558 
28731559 
28731560 
28731561 
28731562 
28731563 
28731564 
28731565 
28731566 
28731567 
28731568 
28731569 
28731570 
28731571 
28731572 
28731573 
28731574 
28731575 
28731576 
28731577 
28731578 
28731579 
28731580 
28731581 
28731582 
28731583 
28731584 
28731585 
28731586 
28731587 
28731588 
28731589 
28731590 
28731591 
28731592 
28731593 
28731594 
28731595 
28731596 
28731597 
28731598 
28731599 
28731600 
28731601 
28731602 
28731603 
28731604 
28731605 
28731606 
28731607 
28731608 
28731609 
28731610 
28731611 
28731612 
28731613 
28731614 
28731615 
28731616 
28731617 
28731618 
28731619 
28731620 
28731621 
28731622 
28731623 
28731624 
28731625 
28731626 
28731627 
28731628 
28731629 
28731630 
28731631 
28731632 
28731633 
28731634 
28731635 
28731636 
28731637 
28731638 
28731639 
28731640 
28731641 
28731642 
28731643 
28731644 
28731645 
28731646 
28731647 
28731648 
28731649 
28731650 
28731651 
28731652 
28731653 
28731654 
28731655 
28731656 
28731657 
28731658 
28731659 
28731660 
28731661 
28731662 
28731663 
28731664 
28731665 
28731666 
28731667 
28731668 
28731669 
28731670 
28731671 
28731672 
28731673 
28731674 
28731675 
28731676 
28731677 
28731678 
28731679 
28731680 
28731681 
28731682 
28731683 
28731684 
28731685 
28731686 
28731687 
28731688 
28731689 
28731690 
28731691 
28731692 
28731693 
28731694 
28731695 
28731696 
28731697 
28731698 
28731699 
28731700 
28731701 
28731702 
28731703 
28731704 
28731705 
28731706 
28731707 
28731708 
28731709 
28731710 
28731711 
28731712 
28731713 
28731714 
28731715 
28731716 
28731717 
28731718 
28731719 
28731720 
28731721 
28731722 
28731723 
28731724 
28731725 
28731726 
28731727 
28731728 
28731729 
28731730 
28731731 
28731732 
28731733 
28731734 
28731735 
28731736 
28731737 
28731738 
28731739 
28731740 
28731741 
28731742 
28731743 
28731744 
28731745 
28731746 
28731747 
28731748 
28731749 
28731750 
28731751 
28731752 
28731753 
28731754 
28731755 
28731756 
28731757 
28731758 
28731759 
28731760 
28731761 
28731762 
28731763 
28731764 
28731765 
28731766 
28731767 
28731768 
28731769 
28731770 
28731771 
28731772 
28731773 
28731774 
28731775 
28731776 
28731777 
28731778 
28731779 
28731780 
28731781 
28731782 
28731783 
28731784 
28731785 
28731786 
28731787 
28731788 
28731789 
28731790 
28731791 
28731792 
28731793 
28731794 
28731795 
28731796 
28731797 
28731798 
28731799 
28731800 
28731801 
28731802 
28731803 
28731804 
28731805 
28731806 
28731807 
28731808 
28731809 
28731810 
28731811 
28731812 
28731813 
28731814 
28731815 
28731816 
28731817 
28731818 
28731819 
28731820 
28731821 
28731822 
28731823 
28731824 
28731825 
28731826 
28731827 
28731828 
28731829 
28731830 
28731831 
28731832 
28731833 
28731834 
28731835 
28731836 
28731837 
28731838 
28731839 
28731840 
28731841 
28731842 
28731843 
28731844 
28731845 
28731846 
28731847 
28731848 
28731849 
28731850 
28731851 
28731852 
28731853 
28731854 
28731855 
28731856 
28731857 
28731858 
28731859 
28731860 
28731861 
28731862 
28731863 
28731864 
28731865 
28731866 
28731867 
28731868 
28731869 
28731870 
28731871 
28731872 
28731873 
28731874 
28731875 
28731876 
28731877 
28731878 
28731879 
28731880 
28731881 
28731882 
28731883 
28731884 
28731885 
28731886 
28731887 
28731888 
28731889 
28731890 
28731891 
28731892 
28731893 
28731894 
28731895 
28731896 
28731897 
28731898 
28731899 
28731900 
28731901 
28731902 
28731903 
28731904 
28731905 
28731906 
28731907 
28731908 
28731909 
28731910 
28731911 
28731912 
28731913 
28731914 
28731915 
28731916 
28731917 
28731918 
28731919 
28731920 
28731921 
28731922 
28731923 
28731924 
28731925 
28731926 
28731927 
28731928 
28731929 
28731930 
28731931 
28731932 
28731933 
28731934 
28731935 
28731936 
28731937 
28731938 
28731939 
28731940 
28731941 
28731942 
28731943 
28731944 
28731945 
28731946 
28731947 
28731948 
28731949 
28731950 
28731951 
28731952 
28731953 
28731954 
28731955 
28731956 
28731957 
28731958 
28731959 
28731960 
28731961 
28731962 
28731963 
28731964 
28731965 
28731966 
28731967 
28731968 
28731969 
28731970 
28731971 
28731972 
28731973 
28731974 
28731975 
28731976 
28731977 
28731978 
28731979 
28731980 
28731981 
28731982 
28731983 
28731984 
28731985 
28731986 
28731987 
28731988 
28731989 
28731990 
28731991 
28731992 
28731993 
28731994 
28731995 
28731996 
28731997 
28731998 
28731999 
28732000 
28732001 
28732002 
28732003 
28732004 
28732005 
28732006 
28732007 
28732008 
28732009 
28732010 
28732011 
28732012 
28732013 
28732014 
28732015 
28732016 
28732017 
28732018 
28732019 
28732020 
28732021 
28732022 
28732023 
28732024 
28732025 
28732026 
28732027 
28732028 
28732029 
28732030 
28732031 
28732032 
28732033 
28732034 
28732035 
28732036 
28732037 
28732038 
28732039 
28732040 
28732041 
28732042 
28732043 
28732044 
28732045 
28732046 
28732047 
28732048 
28732049 
28732050 
28732051 
28732052 
28732053 
28732054 
28732055 
28732056 
28732057 
28732058 
28732059 
28732060 
28732061 
28732062 
28732063 
28732064 
28732065 
28732066 
28732067 
28732068 
28732069 
28732070 
28732071 
28732072 
28732073 
28732074 
28732075 
28732076 
28732077 
28732078 
28732079 
28732080 
28732081 
28732082 
28732083 
28732084 
28732085 
28732086 
28732087 
28732088 
28732089 
28732090 
28732091 
28732092 
28732093 
28732094 
28732095 
28732096 
28732097 
28732098 
28732099 
28732100 
28732101 
28732102 
28732103 
28732104 
28732105 
28732106 
28732107 
28732108 
28732109 
28732110 
28732111 
28732112 
28732113 
28732114 
28732115 
28732116 
28732117 
28732118 
28732119 
28732120 
28732121 
28732122 
28732123 
28732124 
28732125 
28732126 
28732127 
28732128 
28732129 
28732130 
28732131 
28732132 
28732133 
28732134 
28732135 
28732136 
28732137 
28732138 
28732139 
28732140 
28732141 
28732142 
28732143 
28732144 
28732145 
28732146 
28732147 
28732148 
28732149 
28732150 
28732151 
28732152 
28732153 
28732154 
28732155 
28732156 
28732157 
28732158 
28732159 
28732160 
28732161 
28732162 
28732163 
28732164 
28732165 
28732166 
28732167 
28732168 
28732169 
28732170 
28732171 
28732172 
28732173 
28732174 
28732175 
28732176 
28732177 
28732178 
28732179 
28732180 
28732181 
28732182 
28732183 
28732184 
28732185 
28732186 
28732187 
28732188 
28732189 
28732190 
28732191 
28732192 
28732193 
28732194 
28732195 
28732196 
28732197 
28732198 
28732199 
28732200 
28732201 
28732202 
28732203 
28732204 
28732205 
28732206 
28732207 
28732208 
28732209 
28732210 
28732211 
28732212 
28732213 
28732214 
28732215 
28732216 
28732217 
28732218 
28732219 
28732220 
28732221 
28732222 
28732223 
28732224 
28732225 
28732226 
28732227 
28732228 
28732229 
28732230 
28732231 
28732232 
28732233 
28732234 
28732235 
28732236 
28732237 
28732238 
28732239 
28732240 
28732241 
28732242 
28732243 
28732244 
28732245 
28732246 
28732247 
28732248 
28732249 
28732250 
28732251 
28732252 
28732253 
28732254 
28732255 
28732256 
28732257 
28732258 
28732259 
28732260 
28732261 
28732262 
28732263 
28732264 
28732265 
28732266 
28732267 
28732268 
28732269 
28732270 
28732271 
28732272 
28732273 
28732274 
28732275 
28732276 
28732277 
28732278 
28732279 
28732280 
28732281 
28732282 
28732283 
28732284 
28732285 
28732286 
28732287 
28732288 
28732289 
28732290 
28732291 
28732292 
28732293 
28732294 
28732295 
28732296 
28732297 
28732298 
28732299 
28732300 
28732301 
28732302 
28732303 
28732304 
28732305 
28732306 
28732307 
28732308 
28732309 
28732310 
28732311 
28732312 
28732313 
28732314 
28732315 
28732316 
28732317 
28732318 
28732319 
28732320 
28732321 
28732322 
28732323 
28732324 
28732325 
28732326 
28732327 
28732328 
28732329 
28732330 
28732331 
28732332 
28732333 
28732334 
28732335 
28732336 
28732337 
28732338 
28732339 
28732340 
28732341 
28732342 
28732343 
28732344 
28732345 
28732346 
28732347 
28732348 
28732349 
28732350 
28732351 
28732352 
28732353 
28732354 
28732355 
28732356 
28732357 
28732358 
28732359 
28732360 
28732361 
28732362 
28732363 
28732364 
28732365 
28732366 
28732367 
28732368 
28732369 
28732370 
28732371 
28732372 
28732373 
28732374 
28732375 
28732376 
28732377 
28732378 
28732379 
28732380 
28732381 
28732382 
28732383 
28732384 
28732385 
28732386 
28732387 
28732388 
28732389 
28732390 
28732391 
28732392 
28732393 
28732394 
28732395 
28732396 
28732397 
28732398 
28732399 
28732400 
28732401 
28732402 
28732403 
28732404 
28732405 
28732406 
28732407 
28732408 
28732409 
28732410 
28732411 
28732412 
28732413 
28732414 
28732415 
28732416 
28732417 
28732418 
28732419 
28732420 
28732421 
28732422 
28732423 
28732424 
28732425 
28732426 
28732427 
28732428 
28732429 
28732430 
28732431 
28732432 
28732433 
28732434 
28732435 
28732436 
28732437 
28732438 
28732439 
28732440 
28732441 
28732442 
28732443 
28732444 
28732445 
28732446 
28732447 
28732448 
28732449 
28732450 
28732451 
28732452 
28732453 
28732454 
28732455 
28732456 
28732457 
28732458 
28732459 
28732460 
28732461 
28732462 
28732463 
28732464 
28732465 
28732466 
28732467 
28732468 
28732469 
28732470 
28732471 
28732472 
28732473 
28732474 
28732475 
28732476 
28732477 
28732478 
28732479 
28732480 
28732481 
28732482 
28732483 
28732484 
28732485 
28732486 
28732487 
28732488 
28732489 
28732490 
28732491 
28732492 
28732493 
28732494 
28732495 
28732496 
28732497 
28732498 
28732499 
28732500 
28732501 
28732502 
28732503 
28732504 
28732505 
28732506 
28732507 
28732508 
28732509 
28732510 
28732511 
28732512 
28732513 
28732514 
28732515 
28732516 
28732517 
28732518 
28732519 
28732520 
28732521 
28732522 
28732523 
28732524 
28732525 
28732526 
28732527 
28732528 
28732529 
28732530 
28732531 
28732532 
28732533 
28732534 
28732535 
28732536 
28732537 
28732538 
28732539 
28732540 
28732541 
28732542 
28732543 
28732544 
28732545 
28732546 
28732547 
28732548 
28732549 
28732550 
28732551 
28732552 
28732553 
28732554 
28732555 
28732556 
28732557 
28732558 
28732559 
28732560 
28732561 
28732562 
28732563 
28732564 
28732565 
28732566 
28732567 
28732568 
28732569 
28732570 
28732571 
28732572 
28732573 
28732574 
28732575 
28732576 
28732577 
28732578 
28732579 
28732580 
28732581 
28732582 
28732583 
28732584 
28732585 
28732586 
28732587 
28732588 
28732589 
28732590 
28732591 
28732592 
28732593 
28732594 
28732595 
28732596 
28732597 
28732598 
28732599 
28732600 
28732601 
28732602 
28732603 
28732604 
28732605 
28732606 
28732607 
28732608 
28732609 
28732610 
28732611 
28732612 
28732613 
28732614 
28732615 
28732616 
28732617 
28732618 
28732619 
28732620 
28732621 
28732622 
28732623 
28732624 
28732625 
28732626 
28732627 
28732628 
28732629 
28732630 
28732631 
28732632 
28732633 
28732634 
28732635 
28732636 
28732637 
28732638 
28732639 
28732640 
28732641 
28732642 
28732643 
28732644 
28732645 
28732646 
28732647 
28732648 
28732649 
28732650 
28732651 
28732652 
28732653 
28732654 
28732655 
28732656 
28732657 
28732658 
28732659 
28732660 
28732661 
28732662 
28732663 
28732664 
28732665 
28732666 
28732667 
28732668 
28732669 
28732670 
28732671 
28732672 
28732673 
28732674 
28732675 
28732676 
28732677 
28732678 
28732679 
28732680 
28732681 
28732682 
28732683 
28732684 
28732685 
28732686 
28732687 
28732688 
28732689 
28732690 
28732691 
28732692 
28732693 
28732694 
28732695 
28732696 
28732697 
28732698 
28732699 
28732700 
28732701 
28732702 
28732703 
28732704 
28732705 
28732706 
28732707 
28732708 
28732709 
28732710 
28732711 
28732712 
28732713 
28732714 
28732715 
28732716 
28732717 
28732718 
28732719 
28732720 
28732721 
28732722 
28732723 
28732724 
28732725 
28732726 
28732727 
28732728 
28732729 
28732730 
28732731 
28732732 
28732733 
28732734 
28732735 
28732736 
28732737 
28732738 
28732739 
28732740 
28732741 
28732742 
28732743 
28732744 
28732745 
28732746 
28732747 
28732748 
28732749 
28732750 
28732751 
28732752 
28732753 
28732754 
28732755 
28732756 
28732757 
28732758 
28732759 
28732760 
28732761 
28732762 
28732763 
28732764 
28732765 
28732766 
28732767 
28732768 
28732769 
28732770 
28732771 
28732772 
28732773 
28732774 
28732775 
28732776 
28732777 
28732778 
28732779 
28732780 
28732781 
28732782 
28732783 
28732784 
28732785 
28732786 
28732787 
28732788 
28732789 
28732790 
28732791 
28732792 
28732793 
28732794 
28732795 
28732796 
28732797 
28732798 
28732799 
28732800 
28732801 
28732802 
28732803 
28732804 
28732805 
28732806 
28732807 
28732808 
28732809 
28732810 
28732811 
28732812 
28732813 
28732814 
28732815 
28732816 
28732817 
28732818 
28732819 
28732820 
28732821 
28732822 
28732823 
28732824 
28732825 
28732826 
28732827 
28732828 
28732829 
28732830 
28732831 
28732832 
28732833 
28732834 
28732835 
28732836 
28732837 
28732838 
28732839 
28732840 
28732841 
28732842 
28732843 
28732844 
28732845 
28732846 
28732847 
28732848 
28732849 
28732850 
28732851 
28732852 
28732853 
28732854 
28732855 
28732856 
28732857 
28732858 
28732859 
28732860 
28732861 
28732862 
28732863 
28732864 
28732865 
28732866 
28732867 
28732868 
28732869 
28732870 
28732871 
28732872 
28732873 
28732874 
28732875 
28732876 
28732877 
28732878 
28732879 
28732880 
28732881 
28732882 
28732883 
28732884 
28732885 
28732886 
28732887 
28732888 
28732889 
28732890 
28732891 
28732892 
28732893 
28732894 
28732895 
28732896 
28732897 
28732898 
28732899 
28732900 
28732901 
28732902 
28732903 
28732904 
28732905 
28732906 
28732907 
28732908 
28732909 
28732910 
28732911 
28732912 
28732913 
28732914 
28732915 
28732916 
28732917 
28732918 
28732919 
28732920 
28732921 
28732922 
28732923 
28732924 
28732925 
28732926 
28732927 
28732928 
28732929 
28732930 
28732931 
28732932 
28732933 
28732934 
28732935 
28732936 
28732937 
28732938 
28732939 
28732940 
28732941 
28732942 
28732943 
28732944 
28732945 
28732946 
28732947 
28732948 
28732949 
28732950 
28732951 
28732952 
28732953 
28732954 
28732955 
28732956 
28732957 
28732958 
28732959 
28732960 
28732961 
28732962 
28732963 
28732964 
28732965 
28732966 
28732967 
28732968 
28732969 
28732970 
28732971 
28732972 
28732973 
28732974 
28732975 
28732976 
28732977 
28732978 
28732979 
28732980 
28732981 
28732982 
28732983 
28732984 
28732985 
28732986 
28732987 
28732988 
28732989 
28732990 
28732991 
28732992 
28732993 
28732994 
28732995 
28732996 
28732997 
28732998 
28732999 
28733000 
28733001 
28733002 
28733003 
28733004 
28733005 
28733006 
28733007 
28733008 
28733009 
28733010 
28733011 
28733012 
28733013 
28733014 
28733015 
28733016 
28733017 
28733018 
28733019 
28733020 
28733021 
28733022 
28733023 
28733024 
28733025 
28733026 
28733027 
28733028 
28733029 
28733030 
28733031 
28733032 
28733033 
28733034 
28733035 
28733036 
28733037 
28733038 
28733039 
28733040 
28733041 
28733042 
28733043 
28733044 
28733045 
28733046 
28733047 
28733048 
28733049 
28733050 
28733051 
28733052 
28733053 
28733054 
28733055 
28733056 
28733057 
28733058 
28733059 
28733060 
28733061 
28733062 
28733063 
28733064 
28733065 
28733066 
28733067 
28733068 
28733069 
28733070 
28733071 
28733072 
28733073 
28733074 
28733075 
28733076 
28733077 
28733078 
28733079 
28733080 
28733081 
28733082 
28733083 
28733084 
28733085 
28733086 
28733087 
28733088 
28733089 
28733090 
28733091 
28733092 
28733093 
28733094 
28733095 
28733096 
28733097 
28733098 
28733099 
28733100 
28733101 
28733102 
28733103 
28733104 
28733105 
28733106 
28733107 
28733108 
28733109 
28733110 
28733111 
28733112 
28733113 
28733114 
28733115 
28733116 
28733117 
28733118 
28733119 
28733120 
28733121 
28733122 
28733123 
28733124 
28733125 
28733126 
28733127 
28733128 
28733129 
28733130 
28733131 
28733132 
28733133 
28733134 
28733135 
28733136 
28733137 
28733138 
28733139 
28733140 
28733141 
28733142 
28733143 
28733144 
28733145 
28733146 
28733147 
28733148 
28733149 
28733150 
28733151 
28733152 
28733153 
28733154 
28733155 
28733156 
28733157 
28733158 
28733159 
28733160 
28733161 
28733162 
28733163 
28733164 
28733165 
28733166 
28733167 
28733168 
28733169 
28733170 
28733171 
28733172 
28733173 
28733174 
28733175 
28733176 
28733177 
28733178 
28733179 
28733180 
28733181 
28733182 
28733183 
28733184 
28733185 
28733186 
28733187 
28733188 
28733189 
28733190 
28733191 
28733192 
28733193 
28733194 
28733195 
28733196 
28733197 
28733198 
28733199 
28733200 
28733201 
28733202 
28733203 
28733204 
28733205 
28733206 
28733207 
28733208 
28733209 
28733210 
28733211 
28733212 
28733213 
28733214 
28733215 
28733216 
28733217 
28733218 
28733219 
28733220 
28733221 
28733222 
28733223 
28733224 
28733225 
28733226 
28733227 
28733228 
28733229 
28733230 
28733231 
28733232 
28733233 
28733234 
28733235 
28733236 
28733237 
28733238 
28733239 
28733240 
28733241 
28733242 
28733243 
28733244 
28733245 
28733246 
28733247 
28733248 
28733249 
28733250 
28733251 
28733252 
28733253 
28733254 
28733255 
28733256 
28733257 
28733258 
28733259 
28733260 
28733261 
28733262 
28733263 
28733264 
28733265 
28733266 
28733267 
28733268 
28733269 
28733270 
28733271 
28733272 
28733273 
28733274 
28733275 
28733276 
28733277 
28733278 
28733279 
28733280 
28733281 
28733282 
28733283 
28733284 
28733285 
28733286 
28733287 
28733288 
28733289 
28733290 
28733291 
28733292 
28733293 
28733294 
28733295 
28733296 
28733297 
28733298 
28733299 
28733300 
28733301 
28733302 
28733303 
28733304 
28733305 
28733306 
28733307 
28733308 
28733309 
28733310 
28733311 
28733312 
28733313 
28733314 
28733315 
28733316 
28733317 
28733318 
28733319 
28733320 
28733321 
28733322 
28733323 
28733324 
28733325 
28733326 
28733327 
28733328 
28733329 
28733330 
28733331 
28733332 
28733333 
28733334 
28733335 
28733336 
28733337 
28733338 
28733339 
28733340 
28733341 
28733342 
28733343 
28733344 
28733345 
28733346 
28733347 
28733348 
28733349 
28733350 
28733351 
28733352 
28733353 
28733354 
28733355 
28733356 
28733357 
28733358 
28733359 
28733360 
28733361 
28733362 
28733363 
28733364 
28733365 
28733366 
28733367 
28733368 
28733369 
28733370 
28733371 
28733372 
28733373 
28733374 
28733375 
28733376 
28733377 
28733378 
28733379 
28733380 
28733381 
28733382 
28733383 
28733384 
28733385 
28733386 
28733387 
28733388 
28733389 
28733390 
28733391 
28733392 
28733393 
28733394 
28733395 
28733396 
28733397 
28733398 
28733399 
28733400 
28733401 
28733402 
28733403 
28733404 
28733405 
28733406 
28733407 
28733408 
28733409 
28733410 
28733411 
28733412 
28733413 
28733414 
28733415 
28733416 
28733417 
28733418 
28733419 
28733420 
28733421 
28733422 
28733423 
28733424 
28733425 
28733426 
28733427 
28733428 
28733429 
28733430 
28733431 
28733432 
28733433 
28733434 
28733435 
28733436 
28733437 
28733438 
28733439 
28733440 
28733441 
28733442 
28733443 
28733444 
28733445 
28733446 
28733447 
28733448 
28733449 
28733450 
28733451 
28733452 
28733453 
28733454 
28733455 
28733456 
28733457 
28733458 
28733459 
28733460 
28733461 
28733462 
28733463 
28733464 
28733465 
28733466 
28733467 
28733468 
28733469 
28733470 
28733471 
28733472 
28733473 
28733474 
28733475 
28733476 
28733477 
28733478 
28733479 
28733480 
28733481 
28733482 
28733483 
28733484 
28733485 
28733486 
28733487 
28733488 
28733489 
28733490 
28733491 
28733492 
28733493 
28733494 
28733495 
28733496 
28733497 
28733498 
28733499 
28733500 
28733501 
28733502 
28733503 
28733504 
28733505 
28733506 
28733507 
28733508 
28733509 
28733510 
28733511 
28733512 
28733513 
28733514 
28733515 
28733516 
28733517 
28733518 
28733519 
28733520 
28733521 
28733522 
28733523 
28733524 
28733525 
28733526 
28733527 
28733528 
28733529 
28733530 
28733531 
28733532 
28733533 
28733534 
28733535 
28733536 
28733537 
28733538 
28733539 
28733540 
28733541 
28733542 
28733543 
28733544 
28733545 
28733546 
28733547 
28733548 
28733549 
28733550 
28733551 
28733552 
28733553 
28733554 
28733555 
28733556 
28733557 
28733558 
28733559 
28733560 
28733561 
28733562 
28733563 
28733564 
28733565 
28733566 
28733567 
28733568 
28733569 
28733570 
28733571 
28733572 
28733573 
28733574 
28733575 
28733576 
28733577 
28733578 
28733579 
28733580 
28733581 
28733582 
28733583 
28733584 
28733585 
28733586 
28733587 
28733588 
28733589 
28733590 
28733591 
28733592 
28733593 
28733594 
28733595 
28733596 
28733597 
28733598 
28733599 
28733600 
28733601 
28733602 
28733603 
28733604 
28733605 
28733606 
28733607 
28733608 
28733609 
28733610 
28733611 
28733612 
28733613 
28733614 
28733615 
28733616 
28733617 
28733618 
28733619 
28733620 
28733621 
28733622 
28733623 
28733624 
28733625 
28733626 
28733627 
28733628 
28733629 
28733630 
28733631 
28733632 
28733633 
28733634 
28733635 
28733636 
28733637 
28733638 
28733639 
28733640 
28733641 
28733642 
28733643 
28733644 
28733645 
28733646 
28733647 
28733648 
28733649 
28733650 
28733651 
28733652 
28733653 
28733654 
28733655 
28733656 
28733657 
28733658 
28733659 
28733660 
28733661 
28733662 
28733663 
28733664 
28733665 
28733666 
28733667 
28733668 
28733669 
28733670 
28733671 
28733672 
28733673 
28733674 
28733675 
28733676 
28733677 
28733678 
28733679 
28733680 
28733681 
28733682 
28733683 
28733684 
28733685 
28733686 
28733687 
28733688 
28733689 
28733690 
28733691 
28733692 
28733693 
28733694 
28733695 
28733696 
28733697 
28733698 
28733699 
28733700 
28733701 
28733702 
28733703 
28733704 
28733705 
28733706 
28733707 
28733708 
28733709 
28733710 
28733711 
28733712 
28733713 
28733714 
28733715 
28733716 
28733717 
28733718 
28733719 
28733720 
28733721 
28733722 
28733723 
28733724 
28733725 
28733726 
28733727 
28733728 
28733729 
28733730 
28733731 
28733732 
28733733 
28733734 
28733735 
28733736 
28733737 
28733738 
28733739 
28733740 
28733741 
28733742 
28733743 
28733744 
28733745 
28733746 
28733747 
28733748 
28733749 
28733750 
28733751 
28733752 
28733753 
28733754 
28733755 
28733756 
28733757 
28733758 
28733759 
28733760 
28733761 
28733762 
28733763 
28733764 
28733765 
28733766 
28733767 
28733768 
28733769 
28733770 
28733771 
28733772 
28733773 
28733774 
28733775 
28733776 
28733777 
28733778 
28733779 
28733780 
28733781 
28733782 
28733783 
28733784 
28733785 
28733786 
28733787 
28733788 
28733789 
28733790 
28733791 
28733792 
28733793 
28733794 
28733795 
28733796 
28733797 
28733798 
28733799 
28733800 
28733801 
28733802 
28733803 
28733804 
28733805 
28733806 
28733807 
28733808 
28733809 
28733810 
28733811 
28733812 
28733813 
28733814 
28733815 
28733816 
28733817 
28733818 
28733819 
28733820 
28733821 
28733822 
28733823 
28733824 
28733825 
28733826 
28733827 
28733828 
28733829 
28733830 
28733831 
28733832 
28733833 
28733834 
28733835 
28733836 
28733837 
28733838 
28733839 
28733840 
28733841 
28733842 
28733843 
28733844 
28733845 
28733846 
28733847 
28733848 
28733849 
28733850 
28733851 
28733852 
28733853 
28733854 
28733855 
28733856 
28733857 
28733858 
28733859 
28733860 
28733861 
28733862 
28733863 
28733864 
28733865 
28733866 
28733867 
28733868 
28733869 
28733870 
28733871 
28733872 
28733873 
28733874 
28733875 
28733876 
28733877 
28733878 
28733879 
28733880 
28733881 
28733882 
28733883 
28733884 
28733885 
28733886 
28733887 
28733888 
28733889 
28733890 
28733891 
28733892 
28733893 
28733894 
28733895 
28733896 
28733897 
28733898 
28733899 
28733900 
28733901 
28733902 
28733903 
28733904 
28733905 
28733906 
28733907 
28733908 
28733909 
28733910 
28733911 
28733912 
28733913 
28733914 
28733915 
28733916 
28733917 
28733918 
28733919 
28733920 
28733921 
28733922 
28733923 
28733924 
28733925 
28733926 
28733927 
28733928 
28733929 
28733930 
28733931 
28733932 
28733933 
28733934 
28733935 
28733936 
28733937 
28733938 
28733939 
28733940 
28733941 
28733942 
28733943 
28733944 
28733945 
28733946 
28733947 
28733948 
28733949 
28733950 
28733951 
28733952 
28733953 
28733954 
28733955 
28733956 
28733957 
28733958 
28733959 
28733960 
28733961 
28733962 
28733963 
28733964 
28733965 
28733966 
28733967 
28733968 
28733969 
28733970 
28733971 
28733972 
28733973 
28733974 
28733975 
28733976 
28733977 
28733978 
28733979 
28733980 
28733981 
28733982 
28733983 
28733984 
28733985 
28733986 
28733987 
28733988 
28733989 
28733990 
28733991 
28733992 
28733993 
28733994 
28733995 
28733996 
28733997 
28733998 
28733999 
28734000 
28734001 
28734002 
28734003 
28734004 
28734005 
28734006 
28734007 
28734008 
28734009 
28734010 
28734011 
28734012 
28734013 
28734014 
28734015 
28734016 
28734017 
28734018 
28734019 
28734020 
28734021 
28734022 
28734023 
28734024 
28734025 
28734026 
28734027 
28734028 
28734029 
28734030 
28734031 
28734032 
28734033 
28734034 
28734035 
28734036 
28734037 
28734038 
28734039 
28734040 
28734041 
28734042 
28734043 
28734044 
28734045 
28734046 
28734047 
28734048 
28734049 
28734050 
28734051 
28734052 
28734053 
28734054 
28734055 
28734056 
28734057 
28734058 
28734059 
28734060 
28734061 
28734062 
28734063 
28734064 
28734065 
28734066 
28734067 
28734068 
28734069 
28734070 
28734071 
28734072 
28734073 
28734074 
28734075 
28734076 
28734077 
28734078 
28734079 
28734080 
28734081 
28734082 
28734083 
28734084 
28734085 
28734086 
28734087 
28734088 
28734089 
28734090 
28734091 
28734092 
28734093 
28734094 
28734095 
28734096 
28734097 
28734098 
28734099 
28734100 
28734101 
28734102 
28734103 
28734104 
28734105 
28734106 
28734107 
28734108 
28734109 
28734110 
28734111 
28734112 
28734113 
28734114 
28734115 
28734116 
28734117 
28734118 
28734119 
28734120 
28734121 
28734122 
28734123 
28734124 
28734125 
28734126 
28734127 
28734128 
28734129 
28734130 
28734131 
28734132 
28734133 
28734134 
28734135 
28734136 
28734137 
28734138 
28734139 
28734140 
28734141 
28734142 
28734143 
28734144 
28734145 
28734146 
28734147 
28734148 
28734149 
28734150 
28734151 
28734152 
28734153 
28734154 
28734155 
28734156 
28734157 
28734158 
28734159 
28734160 
28734161 
28734162 
28734163 
28734164 
28734165 
28734166 
28734167 
28734168 
28734169 
28734170 
28734171 
28734172 
28734173 
28734174 
28734175 
28734176 
28734177 
28734178 
28734179 
28734180 
28734181 
28734182 
28734183 
28734184 
28734185 
28734186 
28734187 
28734188 
28734189 
28734190 
28734191 
28734192 
28734193 
28734194 
28734195 
28734196 
28734197 
28734198 
28734199 
28734200 
28734201 
28734202 
28734203 
28734204 
28734205 
28734206 
28734207 
28734208 
28734209 
28734210 
28734211 
28734212 
28734213 
28734214 
28734215 
28734216 
28734217 
28734218 
28734219 
28734220 
28734221 
28734222 
28734223 
28734224 
28734225 
28734226 
28734227 
28734228 
28734229 
28734230 
28734231 
28734232 
28734233 
28734234 
28734235 
28734236 
28734237 
28734238 
28734239 
28734240 
28734241 
28734242 
28734243 
28734244 
28734245 
28734246 
28734247 
28734248 
28734249 
28734250 
28734251 
28734252 
28734253 
28734254 
28734255 
28734256 
28734257 
28734258 
28734259 
28734260 
28734261 
28734262 
28734263 
28734264 
28734265 
28734266 
28734267 
28734268 
28734269 
28734270 
28734271 
28734272 
28734273 
28734274 
28734275 
28734276 
28734277 
28734278 
28734279 
28734280 
28734281 
28734282 
28734283 
28734284 
28734285 
28734286 
28734287 
28734288 
28734289 
28734290 
28734291 
28734292 
28734293 
28734294 
28734295 
28734296 
28734297 
28734298 
28734299 
28734300 
28734301 
28734302 
28734303 
28734304 
28734305 
28734306 
28734307 
28734308 
28734309 
28734310 
28734311 
28734312 
28734313 
28734314 
28734315 
28734316 
28734317 
28734318 
28734319 
28734320 
28734321 
28734322 
28734323 
28734324 
28734325 
28734326 
28734327 
28734328 
28734329 
28734330 
28734331 
28734332 
28734333 
28734334 
28734335 
28734336 
28734337 
28734338 
28734339 
28734340 
28734341 
28734342 
28734343 
28734344 
28734345 
28734346 
28734347 
28734348 
28734349 
28734350 
28734351 
28734352 
28734353 
28734354 
28734355 
28734356 
28734357 
28734358 
28734359 
28734360 
28734361 
28734362 
28734363 
28734364 
28734365 
28734366 
28734367 
28734368 
28734369 
28734370 
28734371 
28734372 
28734373 
28734374 
28734375 
28734376 
28734377 
28734378 
28734379 
28734380 
28734381 
28734382 
28734383 
28734384 
28734385 
28734386 
28734387 
28734388 
28734389 
28734390 
28734391 
28734392 
28734393 
28734394 
28734395 
28734396 
28734397 
28734398 
28734399 
28734400 
28734401 
28734402 
28734403 
28734404 
28734405 
28734406 
28734407 
28734408 
28734409 
28734410 
28734411 
28734412 
28734413 
28734414 
28734415 
28734416 
28734417 
28734418 
28734419 
28734420 
28734421 
28734422 
28734423 
28734424 
28734425 
28734426 
28734427 
28734428 
28734429 
28734430 
28734431 
28734432 
28734433 
28734434 
28734435 
28734436 
28734437 
28734438 
28734439 
28734440 
28734441 
28734442 
28734443 
28734444 
28734445 
28734446 
28734447 
28734448 
28734449 
28734450 
28734451 
28734452 
28734453 
28734454 
28734455 
28734456 
28734457 
28734458 
28734459 
28734460 
28734461 
28734462 
28734463 
28734464 
28734465 
28734466 
28734467 
28734468 
28734469 
28734470 
28734471 
28734472 
28734473 
28734474 
28734475 
28734476 
28734477 
28734478 
28734479 
28734480 
28734481 
28734482 
28734483 
28734484 
28734485 
28734486 
28734487 
28734488 
28734489 
28734490 
28734491 
28734492 
28734493 
28734494 
28734495 
28734496 
28734497 
28734498 
28734499 
28734500 
28734501 
28734502 
28734503 
28734504 
28734505 
28734506 
28734507 
28734508 
28734509 
28734510 
28734511 
28734512 
28734513 
28734514 
28734515 
28734516 
28734517 
28734518 
28734519 
28734520 
28734521 
28734522 
28734523 
28734524 
28734525 
28734526 
28734527 
28734528 
28734529 
28734530 
28734531 
28734532 
28734533 
28734534 
28734535 
28734536 
28734537 
28734538 
28734539 
28734540 
28734541 
28734542 
28734543 
28734544 
28734545 
28734546 
28734547 
28734548 
28734549 
28734550 
28734551 
28734552 
28734553 
28734554 
28734555 
28734556 
28734557 
28734558 
28734559 
28734560 
28734561 
28734562 
28734563 
28734564 
28734565 
28734566 
28734567 
28734568 
28734569 
28734570 
28734571 
28734572 
28734573 
28734574 
28734575 
28734576 
28734577 
28734578 
28734579 
28734580 
28734581 
28734582 
28734583 
28734584 
28734585 
28734586 
28734587 
28734588 
28734589 
28734590 
28734591 
28734592 
28734593 
28734594 
28734595 
28734596 
28734597 
28734598 
28734599 
28734600 
28734601 
28734602 
28734603 
28734604 
28734605 
28734606 
28734607 
28734608 
28734609 
28734610 
28734611 
28734612 
28734613 
28734614 
28734615 
28734616 
28734617 
28734618 
28734619 
28734620 
28734621 
28734622 
28734623 
28734624 
28734625 
28734626 
28734627 
28734628 
28734629 
28734630 
28734631 
28734632 
28734633 
28734634 
28734635 
28734636 
28734637 
28734638 
28734639 
28734640 
28734641 
28734642 
28734643 
28734644 
28734645 
28734646 
28734647 
28734648 
28734649 
28734650 
28734651 
28734652 
28734653 
28734654 
28734655 
28734656 
28734657 
28734658 
28734659 
28734660 
28734661 
28734662 
28734663 
28734664 
28734665 
28734666 
28734667 
28734668 
28734669 
28734670 
28734671 
28734672 
28734673 
28734674 
28734675 
28734676 
28734677 
28734678 
28734679 
28734680 
28734681 
28734682 
28734683 
28734684 
28734685 
28734686 
28734687 
28734688 
28734689 
28734690 
28734691 
28734692 
28734693 
28734694 
28734695 
28734696 
28734697 
28734698 
28734699 
28734700 
28734701 
28734702 
28734703 
28734704 
28734705 
28734706 
28734707 
28734708 
28734709 
28734710 
28734711 
28734712 
28734713 
28734714 
28734715 
28734716 
28734717 
28734718 
28734719 
28734720 
28734721 
28734722 
28734723 
28734724 
28734725 
28734726 
28734727 
28734728 
28734729 
28734730 
28734731 
28734732 
28734733 
28734734 
28734735 
28734736 
28734737 
28734738 
28734739 
28734740 
28734741 
28734742 
28734743 
28734744 
28734745 
28734746 
28734747 
28734748 
28734749 
28734750 
28734751 
28734752 
28734753 
28734754 
28734755 
28734756 
28734757 
28734758 
28734759 
28734760 
28734761 
28734762 
28734763 
28734764 
28734765 
28734766 
28734767 
28734768 
28734769 
28734770 
28734771 
28734772 
28734773 
28734774 
28734775 
28734776 
28734777 
28734778 
28734779 
28734780 
28734781 
28734782 
28734783 
28734784 
28734785 
28734786 
28734787 
28734788 
28734789 
28734790 
28734791 
28734792 
28734793 
28734794 
28734795 
28734796 
28734797 
28734798 
28734799 
28734800 
28734801 
28734802 
28734803 
28734804 
28734805 
28734806 
28734807 
28734808 
28734809 
28734810 
28734811 
28734812 
28734813 
28734814 
28734815 
28734816 
28734817 
28734818 
28734819 
28734820 
28734821 
28734822 
28734823 
28734824 
28734825 
28734826 
28734827 
28734828 
28734829 
28734830 
28734831 
28734832 
28734833 
28734834 
28734835 
28734836 
28734837 
28734838 
28734839 
28734840 
28734841 
28734842 
28734843 
28734844 
28734845 
28734846 
28734847 
28734848 
28734849 
28734850 
28734851 
28734852 
28734853 
28734854 
28734855 
28734856 
28734857 
28734858 
28734859 
28734860 
28734861 
28734862 
28734863 
28734864 
28734865 
28734866 
28734867 
28734868 
28734869 
28734870 
28734871 
28734872 
28734873 
28734874 
28734875 
28734876 
28734877 
28734878 
28734879 
28734880 
28734881 
28734882 
28734883 
28734884 
28734885 
28734886 
28734887 
28734888 
28734889 
28734890 
28734891 
28734892 
28734893 
28734894 
28734895 
28734896 
28734897 
28734898 
28734899 
28734900 
28734901 
28734902 
28734903 
28734904 
28734905 
28734906 
28734907 
28734908 
28734909 
28734910 
28734911 
28734912 
28734913 
28734914 
28734915 
28734916 
28734917 
28734918 
28734919 
28734920 
28734921 
28734922 
28734923 
28734924 
28734925 
28734926 
28734927 
28734928 
28734929 
28734930 
28734931 
28734932 
28734933 
28734934 
28734935 
28734936 
28734937 
28734938 
28734939 
28734940 
28734941 
28734942 
28734943 
28734944 
28734945 
28734946 
28734947 
28734948 
28734949 
28734950 
28734951 
28734952 
28734953 
28734954 
28734955 
28734956 
28734957 
28734958 
28734959 
28734960 
28734961 
28734962 
28734963 
28734964 
28734965 
28734966 
28734967 
28734968 
28734969 
28734970 
28734971 
28734972 
28734973 
28734974 
28734975 
28734976 
28734977 
28734978 
28734979 
28734980 
28734981 
28734982 
28734983 
28734984 
28734985 
28734986 
28734987 
28734988 
28734989 
28734990 
28734991 
28734992 
28734993 
28734994 
28734995 
28734996 
28734997 
28734998 
28734999 
28735000 
28735001 
28735002 
28735003 
28735004 
28735005 
28735006 
28735007 
28735008 
28735009 
28735010 
28735011 
28735012 
28735013 
28735014 
28735015 
28735016 
28735017 
28735018 
28735019 
28735020 
28735021 
28735022 
28735023 
28735024 
28735025 
28735026 
28735027 
28735028 
28735029 
28735030 
28735031 
28735032 
28735033 
28735034 
28735035 
28735036 
28735037 
28735038 
28735039 
28735040 
28735041 
28735042 
28735043 
28735044 
28735045 
28735046 
28735047 
28735048 
28735049 
28735050 
28735051 
28735052 
28735053 
28735054 
28735055 
28735056 
28735057 
28735058 
28735059 
28735060 
28735061 
28735062 
28735063 
28735064 
28735065 
28735066 
28735067 
28735068 
28735069 
28735070 
28735071 
28735072 
28735073 
28735074 
28735075 
28735076 
28735077 
28735078 
28735079 
28735080 
28735081 
28735082 
28735083 
28735084 
28735085 
28735086 
28735087 
28735088 
28735089 
28735090 
28735091 
28735092 
28735093 
28735094 
28735095 
28735096 
28735097 
28735098 
28735099 
28735100 
28735101 
28735102 
28735103 
28735104 
28735105 
28735106 
28735107 
28735108 
28735109 
28735110 
28735111 
28735112 
28735113 
28735114 
28735115 
28735116 
28735117 
28735118 
28735119 
28735120 
28735121 
28735122 
28735123 
28735124 
28735125 
28735126 
28735127 
28735128 
28735129 
28735130 
28735131 
28735132 
28735133 
28735134 
28735135 
28735136 
28735137 
28735138 
28735139 
28735140 
28735141 
28735142 
28735143 
28735144 
28735145 
28735146 
28735147 
28735148 
28735149 
28735150 
28735151 
28735152 
28735153 
28735154 
28735155 
28735156 
28735157 
28735158 
28735159 
28735160 
28735161 
28735162 
28735163 
28735164 
28735165 
28735166 
28735167 
28735168 
28735169 
28735170 
28735171 
28735172 
28735173 
28735174 
28735175 
28735176 
28735177 
28735178 
28735179 
28735180 
28735181 
28735182 
28735183 
28735184 
28735185 
28735186 
28735187 
28735188 
28735189 
28735190 
28735191 
28735192 
28735193 
28735194 
28735195 
28735196 
28735197 
28735198 
28735199 
28735200 
28735201 
28735202 
28735203 
28735204 
28735205 
28735206 
28735207 
28735208 
28735209 
28735210 
28735211 
28735212 
28735213 
28735214 
28735215 
28735216 
28735217 
28735218 
28735219 
28735220 
28735221 
28735222 
28735223 
28735224 
28735225 
28735226 
28735227 
28735228 
28735229 
28735230 
28735231 
28735232 
28735233 
28735234 
28735235 
28735236 
28735237 
28735238 
28735239 
28735240 
28735241 
28735242 
28735243 
28735244 
28735245 
28735246 
28735247 
28735248 
28735249 
28735250 
28735251 
28735252 
28735253 
28735254 
28735255 
28735256 
28735257 
28735258 
28735259 
28735260 
28735261 
28735262 
28735263 
28735264 
28735265 
28735266 
28735267 
28735268 
28735269 
28735270 
28735271 
28735272 
28735273 
28735274 
28735275 
28735276 
28735277 
28735278 
28735279 
28735280 
28735281 
28735282 
28735283 
28735284 
28735285 
28735286 
28735287 
28735288 
28735289 
28735290 
28735291 
28735292 
28735293 
28735294 
28735295 
28735296 
28735297 
28735298 
28735299 
28735300 
28735301 
28735302 
28735303 
28735304 
28735305 
28735306 
28735307 
28735308 
28735309 
28735310 
28735311 
28735312 
28735313 
28735314 
28735315 
28735316 
28735317 
28735318 
28735319 
28735320 
28735321 
28735322 
28735323 
28735324 
28735325 
28735326 
28735327 
28735328 
28735329 
28735330 
28735331 
28735332 
28735333 
28735334 
28735335 
28735336 
28735337 
28735338 
28735339 
28735340 
28735341 
28735342 
28735343 
28735344 
28735345 
28735346 
28735347 
28735348 
28735349 
28735350 
28735351 
28735352 
28735353 
28735354 
28735355 
28735356 
28735357 
28735358 
28735359 
28735360 
28735361 
28735362 
28735363 
28735364 
28735365 
28735366 
28735367 
28735368 
28735369 
28735370 
28735371 
28735372 
28735373 
28735374 
28735375 
28735376 
28735377 
28735378 
28735379 
28735380 
28735381 
28735382 
28735383 
28735384 
28735385 
28735386 
28735387 
28735388 
28735389 
28735390 
28735391 
28735392 
28735393 
28735394 
28735395 
28735396 
28735397 
28735398 
28735399 
28735400 
28735401 
28735402 
28735403 
28735404 
28735405 
28735406 
28735407 
28735408 
28735409 
28735410 
28735411 
28735412 
28735413 
28735414 
28735415 
28735416 
28735417 
28735418 
28735419 
28735420 
28735421 
28735422 
28735423 
28735424 
28735425 
28735426 
28735427 
28735428 
28735429 
28735430 
28735431 
28735432 
28735433 
28735434 
28735435 
28735436 
28735437 
28735438 
28735439 
28735440 
28735441 
28735442 
28735443 
28735444 
28735445 
28735446 
28735447 
28735448 
28735449 
28735450 
28735451 
28735452 
28735453 
28735454 
28735455 
28735456 
28735457 
28735458 
28735459 
28735460 
28735461 
28735462 
28735463 
28735464 
28735465 
28735466 
28735467 
28735468 
28735469 
28735470 
28735471 
28735472 
28735473 
28735474 
28735475 
28735476 
28735477 
28735478 
28735479 
28735480 
28735481 
28735482 
28735483 
28735484 
28735485 
28735486 
28735487 
28735488 
28735489 
28735490 
28735491 
28735492 
28735493 
28735494 
28735495 
28735496 
28735497 
28735498 
28735499 
28735500 
28735501 
28735502 
28735503 
28735504 
28735505 
28735506 
28735507 
28735508 
28735509 
28735510 
28735511 
28735512 
28735513 
28735514 
28735515 
28735516 
28735517 
28735518 
28735519 
28735520 
28735521 
28735522 
28735523 
28735524 
28735525 
28735526 
28735527 
28735528 
28735529 
28735530 
28735531 
28735532 
28735533 
28735534 
28735535 
28735536 
28735537 
28735538 
28735539 
28735540 
28735541 
28735542 
28735543 
28735544 
28735545 
28735546 
28735547 
28735548 
28735549 
28735550 
28735551 
28735552 
28735553 
28735554 
28735555 
28735556 
28735557 
28735558 
28735559 
28735560 
28735561 
28735562 
28735563 
28735564 
28735565 
28735566 
28735567 
28735568 
28735569 
28735570 
28735571 
28735572 
28735573 
28735574 
28735575 
28735576 
28735577 
28735578 
28735579 
28735580 
28735581 
28735582 
28735583 
28735584 
28735585 
28735586 
28735587 
28735588 
28735589 
28735590 
28735591 
28735592 
28735593 
28735594 
28735595 
28735596 
28735597 
28735598 
28735599 
28735600 
28735601 
28735602 
28735603 
28735604 
28735605 
28735606 
28735607 
28735608 
28735609 
28735610 
28735611 
28735612 
28735613 
28735614 
28735615 
28735616 
28735617 
28735618 
28735619 
28735620 
28735621 
28735622 
28735623 
28735624 
28735625 
28735626 
28735627 
28735628 
28735629 
28735630 
28735631 
28735632 
28735633 
28735634 
28735635 
28735636 
28735637 
28735638 
28735639 
28735640 
28735641 
28735642 
28735643 
28735644 
28735645 
28735646 
28735647 
28735648 
28735649 
28735650 
28735651 
28735652 
28735653 
28735654 
28735655 
28735656 
28735657 
28735658 
28735659 
28735660 
28735661 
28735662 
28735663 
28735664 
28735665 
28735666 
28735667 
28735668 
28735669 
28735670 
28735671 
28735672 
28735673 
28735674 
28735675 
28735676 
28735677 
28735678 
28735679 
28735680 
28735681 
28735682 
28735683 
28735684 
28735685 
28735686 
28735687 
28735688 
28735689 
28735690 
28735691 
28735692 
28735693 
28735694 
28735695 
28735696 
28735697 
28735698 
28735699 
28735700 
28735701 
28735702 
28735703 
28735704 
28735705 
28735706 
28735707 
28735708 
28735709 
28735710 
28735711 
28735712 
28735713 
28735714 
28735715 
28735716 
28735717 
28735718 
28735719 
28735720 
28735721 
28735722 
28735723 
28735724 
28735725 
28735726 
28735727 
28735728 
28735729 
28735730 
28735731 
28735732 
28735733 
28735734 
28735735 
28735736 
28735737 
28735738 
28735739 
28735740 
28735741 
28735742 
28735743 
28735744 
28735745 
28735746 
28735747 
28735748 
28735749 
28735750 
28735751 
28735752 
28735753 
28735754 
28735755 
28735756 
28735757 
28735758 
28735759 
28735760 
28735761 
28735762 
28735763 
28735764 
28735765 
28735766 
28735767 
28735768 
28735769 
28735770 
28735771 
28735772 
28735773 
28735774 
28735775 
28735776 
28735777 
28735778 
28735779 
28735780 
28735781 
28735782 
28735783 
28735784 
28735785 
28735786 
28735787 
28735788 
28735789 
28735790 
28735791 
28735792 
28735793 
28735794 
28735795 
28735796 
28735797 
28735798 
28735799 
28735800 
28735801 
28735802 
28735803 
28735804 
28735805 
28735806 
28735807 
28735808 
28735809 
28735810 
28735811 
28735812 
28735813 
28735814 
28735815 
28735816 
28735817 
28735818 
28735819 
28735820 
28735821 
28735822 
28735823 
28735824 
28735825 
28735826 
28735827 
28735828 
28735829 
28735830 
28735831 
28735832 
28735833 
28735834 
28735835 
28735836 
28735837 
28735838 
28735839 
28735840 
28735841 
28735842 
28735843 
28735844 
28735845 
28735846 
28735847 
28735848 
28735849 
28735850 
28735851 
28735852 
28735853 
28735854 
28735855 
28735856 
28735857 
28735858 
28735859 
28735860 
28735861 
28735862 
28735863 
28735864 
28735865 
28735866 
28735867 
28735868 
28735869 
28735870 
28735871 
28735872 
28735873 
28735874 
28735875 
28735876 
28735877 
28735878 
28735879 
28735880 
28735881 
28735882 
28735883 
28735884 
28735885 
28735886 
28735887 
28735888 
28735889 
28735890 
28735891 
28735892 
28735893 
28735894 
