Log by Admin: PHP on Wed 04/22/2026  1:58:14.24 
------------------------------------------- 
+8801773860372
+917428730895 
+917428730896 
+917428730897 
+917428730898 
+917428730899 
+917428730900 
+917428730901 
+917428730902 
+917428730903 
+917428730904 
+917428730905 
+917428730906 
+917428730907 
+917428730908 
+917428730909 
+917428730910 
+917428730911 
+917428730912 
+917428730913 
+917428730914 
+917428730915 
+917428730916 
+917428730917 
+917428730918 
+917428730919 
+917428730920 
+917428730921 
+917428730922 
+917428730923 
+917428730924 
+917428730925 
+917428730926 
+917428730927 
+917428730928 
+917428730929 
+917428730930 
+917428730931 
+917428730932 
+917428730933 
+917428730934 
+917428730935 
+917428730936 
+917428730937 
+917428730938 
+917428730939 
+917428730940 
+917428730941 
+917428730942 
+917428730943 
+917428730944 
+917428730945 
+917428730946 
+917428730947 
+917428730948 
+917428730949 
+917428730950 
+917428730951 
+917428730952 
+917428730953 
+917428730954 
+917428730955 
+917428730956 
+917428730957 
+917428730958 
+917428730959 
+917428730960 
+917428730961 
+917428730962 
+917428730963 
+917428730964 
+917428730965 
+917428730966 
+917428730967 
+917428730968 
+917428730969 
+917428730970 
+917428730971 
+917428730972 
+917428730973 
+917428730974 
+917428730975 
+917428730976 
+917428730977 
+917428730978 
+917428730979 
+917428730980 
+917428730981 
+917428730982 
+917428730983 
+917428730984 
+917428730985 
+917428730986 
+917428730987 
+917428730988 
+917428730989 
+917428730990 
+917428730991 
+917428730992 
+917428730993 
+917428730994 
+917428730995 
+917428730996 
+917428730997 
+917428730998 
+917428730999 
+917428731000 
+917428731001 
+917428731002 
+917428731003 
+917428731004 
+917428731005 
+917428731006 
+917428731007 
+917428731008 
+917428731009 
+917428731010 
+917428731011 
+917428731012 
+917428731013 
+917428731014 
+917428731015 
+917428731016 
+917428731017 
+917428731018 
+917428731019 
+917428731020 
+917428731021 
+917428731022 
+917428731023 
+917428731024 
+917428731025 
+917428731026 
+917428731027 
+917428731028 
+917428731029 
+917428731030 
+917428731031 
+917428731032 
+917428731033 
+917428731034 
+917428731035 
+917428731036 
+917428731037 
+917428731038 
+917428731039 
+917428731040 
+917428731041 
+917428731042 
+917428731043 
+917428731044 
+917428731045 
+917428731046 
+917428731047 
+917428731048 
+917428731049 
+917428731050 
+917428731051 
+917428731052 
+917428731053 
+917428731054 
+917428731055 
+917428731056 
+917428731057 
+917428731058 
+917428731059 
+917428731060 
+917428731061 
+917428731062 
+917428731063 
+917428731064 
+917428731065 
+917428731066 
+917428731067 
+917428731068 
+917428731069 
+917428731070 
+917428731071 
+917428731072 
+917428731073 
+917428731074 
+917428731075 
+917428731076 
+917428731077 
+917428731078 
+917428731079 
+917428731080 
+917428731081 
+917428731082 
+917428731083 
+917428731084 
+917428731085 
+917428731086 
+917428731087 
+917428731088 
+917428731089 
+917428731090 
+917428731091 
+917428731092 
+917428731093 
+917428731094 
+917428731095 
+917428731096 
+917428731097 
+917428731098 
+917428731099 
+917428731100 
+917428731101 
+917428731102 
+917428731103 
+917428731104 
+917428731105 
+917428731106 
+917428731107 
+917428731108 
+917428731109 
+917428731110 
+917428731111 
+917428731112 
+917428731113 
+917428731114 
+917428731115 
+917428731116 
+917428731117 
+917428731118 
+917428731119 
+917428731120 
+917428731121 
+917428731122 
+917428731123 
+917428731124 
+917428731125 
+917428731126 
+917428731127 
+917428731128 
+917428731129 
+917428731130 
+917428731131 
+917428731132 
+917428731133 
+917428731134 
+917428731135 
+917428731136 
+917428731137 
+917428731138 
+917428731139 
+917428731140 
+917428731141 
+917428731142 
+917428731143 
+917428731144 
+917428731145 
+917428731146 
+917428731147 
+917428731148 
+917428731149 
+917428731150 
+917428731151 
+917428731152 
+917428731153 
+917428731154 
+917428731155 
+917428731156 
+917428731157 
+917428731158 
+917428731159 
+917428731160 
+917428731161 
+917428731162 
+917428731163 
+917428731164 
+917428731165 
+917428731166 
+917428731167 
+917428731168 
+917428731169 
+917428731170 
+917428731171 
+917428731172 
+917428731173 
+917428731174 
+917428731175 
+917428731176 
+917428731177 
+917428731178 
+917428731179 
+917428731180 
+917428731181 
+917428731182 
+917428731183 
+917428731184 
+917428731185 
+917428731186 
+917428731187 
+917428731188 
+917428731189 
+917428731190 
+917428731191 
+917428731192 
+917428731193 
+917428731194 
+917428731195 
+917428731196 
+917428731197 
+917428731198 
+917428731199 
+917428731200 
+917428731201 
+917428731202 
+917428731203 
+917428731204 
+917428731205 
+917428731206 
+917428731207 
+917428731208 
+917428731209 
+917428731210 
+917428731211 
+917428731212 
+917428731213 
+917428731214 
+917428731215 
+917428731216 
+917428731217 
+917428731218 
+917428731219 
+917428731220 
+917428731221 
+917428731222 
+917428731223 
+917428731224 
+917428731225 
+917428731226 
+917428731227 
+917428731228 
+917428731229 
+917428731230 
+917428731231 
+917428731232 
+917428731233 
+917428731234 
+917428731235 
+917428731236 
+917428731237 
+917428731238 
+917428731239 
+917428731240 
+917428731241 
+917428731242 
+917428731243 
+917428731244 
+917428731245 
+917428731246 
+917428731247 
+917428731248 
+917428731249 
+917428731250 
+917428731251 
+917428731252 
+917428731253 
+917428731254 
+917428731255 
+917428731256 
+917428731257 
+917428731258 
+917428731259 
+917428731260 
+917428731261 
+917428731262 
+917428731263 
+917428731264 
+917428731265 
+917428731266 
+917428731267 
+917428731268 
+917428731269 
+917428731270 
+917428731271 
+917428731272 
+917428731273 
+917428731274 
+917428731275 
+917428731276 
+917428731277 
+917428731278 
+917428731279 
+917428731280 
+917428731281 
+917428731282 
+917428731283 
+917428731284 
+917428731285 
+917428731286 
+917428731287 
+917428731288 
+917428731289 
+917428731290 
+917428731291 
+917428731292 
+917428731293 
+917428731294 
+917428731295 
+917428731296 
+917428731297 
+917428731298 
+917428731299 
+917428731300 
+917428731301 
+917428731302 
+917428731303 
+917428731304 
+917428731305 
+917428731306 
+917428731307 
+917428731308 
+917428731309 
+917428731310 
+917428731311 
+917428731312 
+917428731313 
+917428731314 
+917428731315 
+917428731316 
+917428731317 
+917428731318 
+917428731319 
+917428731320 
+917428731321 
+917428731322 
+917428731323 
+917428731324 
+917428731325 
+917428731326 
+917428731327 
+917428731328 
+917428731329 
+917428731330 
+917428731331 
+917428731332 
+917428731333 
+917428731334 
+917428731335 
+917428731336 
+917428731337 
+917428731338 
+917428731339 
+917428731340 
+917428731341 
+917428731342 
+917428731343 
+917428731344 
+917428731345 
+917428731346 
+917428731347 
+917428731348 
+917428731349 
+917428731350 
+917428731351 
+917428731352 
+917428731353 
+917428731354 
+917428731355 
+917428731356 
+917428731357 
+917428731358 
+917428731359 
+917428731360 
+917428731361 
+917428731362 
+917428731363 
+917428731364 
+917428731365 
+917428731366 
+917428731367 
+917428731368 
+917428731369 
+917428731370 
+917428731371 
+917428731372 
+917428731373 
+917428731374 
+917428731375 
+917428731376 
+917428731377 
+917428731378 
+917428731379 
+917428731380 
+917428731381 
+917428731382 
+917428731383 
+917428731384 
+917428731385 
+917428731386 
+917428731387 
+917428731388 
+917428731389 
+917428731390 
+917428731391 
+917428731392 
+917428731393 
+917428731394 
+917428731395 
+917428731396 
+917428731397 
+917428731398 
+917428731399 
+917428731400 
+917428731401 
+917428731402 
+917428731403 
+917428731404 
+917428731405 
+917428731406 
+917428731407 
+917428731408 
+917428731409 
+917428731410 
+917428731411 
+917428731412 
+917428731413 
+917428731414 
+917428731415 
+917428731416 
+917428731417 
+917428731418 
+917428731419 
+917428731420 
+917428731421 
+917428731422 
+917428731423 
+917428731424 
+917428731425 
+917428731426 
+917428731427 
+917428731428 
+917428731429 
+917428731430 
+917428731431 
+917428731432 
+917428731433 
+917428731434 
+917428731435 
+917428731436 
+917428731437 
+917428731438 
+917428731439 
+917428731440 
+917428731441 
+917428731442 
+917428731443 
+917428731444 
+917428731445 
+917428731446 
+917428731447 
+917428731448 
+917428731449 
+917428731450 
+917428731451 
+917428731452 
+917428731453 
+917428731454 
+917428731455 
+917428731456 
+917428731457 
+917428731458 
+917428731459 
+917428731460 
+917428731461 
+917428731462 
+917428731463 
+917428731464 
+917428731465 
+917428731466 
+917428731467 
+917428731468 
+917428731469 
+917428731470 
+917428731471 
+917428731472 
+917428731473 
+917428731474 
+917428731475 
+917428731476 
+917428731477 
+917428731478 
+917428731479 
+917428731480 
+917428731481 
+917428731482 
+917428731483 
+917428731484 
+917428731485 
+917428731486 
+917428731487 
+917428731488 
+917428731489 
+917428731490 
+917428731491 
+917428731492 
+917428731493 
+917428731494 
+917428731495 
+917428731496 
+917428731497 
+917428731498 
+917428731499 
+917428731500 
+917428731501 
+917428731502 
+917428731503 
+917428731504 
+917428731505 
+917428731506 
+917428731507 
+917428731508 
+917428731509 
+917428731510 
+917428731511 
+917428731512 
+917428731513 
+917428731514 
+917428731515 
+917428731516 
+917428731517 
+917428731518 
+917428731519 
+917428731520 
+917428731521 
+917428731522 
+917428731523 
+917428731524 
+917428731525 
+917428731526 
+917428731527 
+917428731528 
+917428731529 
+917428731530 
+917428731531 
+917428731532 
+917428731533 
+917428731534 
+917428731535 
+917428731536 
+917428731537 
+917428731538 
+917428731539 
+917428731540 
+917428731541 
+917428731542 
+917428731543 
+917428731544 
+917428731545 
+917428731546 
+917428731547 
+917428731548 
+917428731549 
+917428731550 
+917428731551 
+917428731552 
+917428731553 
+917428731554 
+917428731555 
+917428731556 
+917428731557 
+917428731558 
+917428731559 
+917428731560 
+917428731561 
+917428731562 
+917428731563 
+917428731564 
+917428731565 
+917428731566 
+917428731567 
+917428731568 
+917428731569 
+917428731570 
+917428731571 
+917428731572 
+917428731573 
+917428731574 
+917428731575 
+917428731576 
+917428731577 
+917428731578 
+917428731579 
+917428731580 
+917428731581 
+917428731582 
+917428731583 
+917428731584 
+917428731585 
+917428731586 
+917428731587 
+917428731588 
+917428731589 
+917428731590 
+917428731591 
+917428731592 
+917428731593 
+917428731594 
+917428731595 
+917428731596 
+917428731597 
+917428731598 
+917428731599 
+917428731600 
+917428731601 
+917428731602 
+917428731603 
+917428731604 
+917428731605 
+917428731606 
+917428731607 
+917428731608 
+917428731609 
+917428731610 
+917428731611 
+917428731612 
+917428731613 
+917428731614 
+917428731615 
+917428731616 
+917428731617 
+917428731618 
+917428731619 
+917428731620 
+917428731621 
+917428731622 
+917428731623 
+917428731624 
+917428731625 
+917428731626 
+917428731627 
+917428731628 
+917428731629 
+917428731630 
+917428731631 
+917428731632 
+917428731633 
+917428731634 
+917428731635 
+917428731636 
+917428731637 
+917428731638 
+917428731639 
+917428731640 
+917428731641 
+917428731642 
+917428731643 
+917428731644 
+917428731645 
+917428731646 
+917428731647 
+917428731648 
+917428731649 
+917428731650 
+917428731651 
+917428731652 
+917428731653 
+917428731654 
+917428731655 
+917428731656 
+917428731657 
+917428731658 
+917428731659 
+917428731660 
+917428731661 
+917428731662 
+917428731663 
+917428731664 
+917428731665 
+917428731666 
+917428731667 
+917428731668 
+917428731669 
+917428731670 
+917428731671 
+917428731672 
+917428731673 
+917428731674 
+917428731675 
+917428731676 
+917428731677 
+917428731678 
+917428731679 
+917428731680 
+917428731681 
+917428731682 
+917428731683 
+917428731684 
+917428731685 
+917428731686 
+917428731687 
+917428731688 
+917428731689 
+917428731690 
+917428731691 
+917428731692 
+917428731693 
+917428731694 
+917428731695 
+917428731696 
+917428731697 
+917428731698 
+917428731699 
+917428731700 
+917428731701 
+917428731702 
+917428731703 
+917428731704 
+917428731705 
+917428731706 
+917428731707 
+917428731708 
+917428731709 
+917428731710 
+917428731711 
+917428731712 
+917428731713 
+917428731714 
+917428731715 
+917428731716 
+917428731717 
+917428731718 
+917428731719 
+917428731720 
+917428731721 
+917428731722 
+917428731723 
+917428731724 
+917428731725 
+917428731726 
+917428731727 
+917428731728 
+917428731729 
+917428731730 
+917428731731 
+917428731732 
+917428731733 
+917428731734 
+917428731735 
+917428731736 
+917428731737 
+917428731738 
+917428731739 
+917428731740 
+917428731741 
+917428731742 
+917428731743 
+917428731744 
+917428731745 
+917428731746 
+917428731747 
+917428731748 
+917428731749 
+917428731750 
+917428731751 
+917428731752 
+917428731753 
+917428731754 
+917428731755 
+917428731756 
+917428731757 
+917428731758 
+917428731759 
+917428731760 
+917428731761 
+917428731762 
+917428731763 
+917428731764 
+917428731765 
+917428731766 
+917428731767 
+917428731768 
+917428731769 
+917428731770 
+917428731771 
+917428731772 
+917428731773 
+917428731774 
+917428731775 
+917428731776 
+917428731777 
+917428731778 
+917428731779 
+917428731780 
+917428731781 
+917428731782 
+917428731783 
+917428731784 
+917428731785 
+917428731786 
+917428731787 
+917428731788 
+917428731789 
+917428731790 
+917428731791 
+917428731792 
+917428731793 
+917428731794 
+917428731795 
+917428731796 
+917428731797 
+917428731798 
+917428731799 
+917428731800 
+917428731801 
+917428731802 
+917428731803 
+917428731804 
+917428731805 
+917428731806 
+917428731807 
+917428731808 
+917428731809 
+917428731810 
+917428731811 
+917428731812 
+917428731813 
+917428731814 
+917428731815 
+917428731816 
+917428731817 
+917428731818 
+917428731819 
+917428731820 
+917428731821 
+917428731822 
+917428731823 
+917428731824 
+917428731825 
+917428731826 
+917428731827 
+917428731828 
+917428731829 
+917428731830 
+917428731831 
+917428731832 
+917428731833 
+917428731834 
+917428731835 
+917428731836 
+917428731837 
+917428731838 
+917428731839 
+917428731840 
+917428731841 
+917428731842 
+917428731843 
+917428731844 
+917428731845 
+917428731846 
+917428731847 
+917428731848 
+917428731849 
+917428731850 
+917428731851 
+917428731852 
+917428731853 
+917428731854 
+917428731855 
+917428731856 
+917428731857 
+917428731858 
+917428731859 
+917428731860 
+917428731861 
+917428731862 
+917428731863 
+917428731864 
+917428731865 
+917428731866 
+917428731867 
+917428731868 
+917428731869 
+917428731870 
+917428731871 
+917428731872 
+917428731873 
+917428731874 
+917428731875 
+917428731876 
+917428731877 
+917428731878 
+917428731879 
+917428731880 
+917428731881 
+917428731882 
+917428731883 
+917428731884 
+917428731885 
+917428731886 
+917428731887 
+917428731888 
+917428731889 
+917428731890 
+917428731891 
+917428731892 
+917428731893 
+917428731894 
+917428731895 
+917428731896 
+917428731897 
+917428731898 
+917428731899 
+917428731900 
+917428731901 
+917428731902 
+917428731903 
+917428731904 
+917428731905 
+917428731906 
+917428731907 
+917428731908 
+917428731909 
+917428731910 
+917428731911 
+917428731912 
+917428731913 
+917428731914 
+917428731915 
+917428731916 
+917428731917 
+917428731918 
+917428731919 
+917428731920 
+917428731921 
+917428731922 
+917428731923 
+917428731924 
+917428731925 
+917428731926 
+917428731927 
+917428731928 
+917428731929 
+917428731930 
+917428731931 
+917428731932 
+917428731933 
+917428731934 
+917428731935 
+917428731936 
+917428731937 
+917428731938 
+917428731939 
+917428731940 
+917428731941 
+917428731942 
+917428731943 
+917428731944 
+917428731945 
+917428731946 
+917428731947 
+917428731948 
+917428731949 
+917428731950 
+917428731951 
+917428731952 
+917428731953 
+917428731954 
+917428731955 
+917428731956 
+917428731957 
+917428731958 
+917428731959 
+917428731960 
+917428731961 
+917428731962 
+917428731963 
+917428731964 
+917428731965 
+917428731966 
+917428731967 
+917428731968 
+917428731969 
+917428731970 
+917428731971 
+917428731972 
+917428731973 
+917428731974 
+917428731975 
+917428731976 
+917428731977 
+917428731978 
+917428731979 
+917428731980 
+917428731981 
+917428731982 
+917428731983 
+917428731984 
+917428731985 
+917428731986 
+917428731987 
+917428731988 
+917428731989 
+917428731990 
+917428731991 
+917428731992 
+917428731993 
+917428731994 
+917428731995 
+917428731996 
+917428731997 
+917428731998 
+917428731999 
+917428732000 
+917428732001 
+917428732002 
+917428732003 
+917428732004 
+917428732005 
+917428732006 
+917428732007 
+917428732008 
+917428732009 
+917428732010 
+917428732011 
+917428732012 
+917428732013 
+917428732014 
+917428732015 
+917428732016 
+917428732017 
+917428732018 
+917428732019 
+917428732020 
+917428732021 
+917428732022 
+917428732023 
+917428732024 
+917428732025 
+917428732026 
+917428732027 
+917428732028 
+917428732029 
+917428732030 
+917428732031 
+917428732032 
+917428732033 
+917428732034 
+917428732035 
+917428732036 
+917428732037 
+917428732038 
+917428732039 
+917428732040 
+917428732041 
+917428732042 
+917428732043 
+917428732044 
+917428732045 
+917428732046 
+917428732047 
+917428732048 
+917428732049 
+917428732050 
+917428732051 
+917428732052 
+917428732053 
+917428732054 
+917428732055 
+917428732056 
+917428732057 
+917428732058 
+917428732059 
+917428732060 
+917428732061 
+917428732062 
+917428732063 
+917428732064 
+917428732065 
+917428732066 
+917428732067 
+917428732068 
+917428732069 
+917428732070 
+917428732071 
+917428732072 
+917428732073 
+917428732074 
+917428732075 
+917428732076 
+917428732077 
+917428732078 
+917428732079 
+917428732080 
+917428732081 
+917428732082 
+917428732083 
+917428732084 
+917428732085 
+917428732086 
+917428732087 
+917428732088 
+917428732089 
+917428732090 
+917428732091 
+917428732092 
+917428732093 
+917428732094 
+917428732095 
+917428732096 
+917428732097 
+917428732098 
+917428732099 
+917428732100 
+917428732101 
+917428732102 
+917428732103 
+917428732104 
+917428732105 
+917428732106 
+917428732107 
+917428732108 
+917428732109 
+917428732110 
+917428732111 
+917428732112 
+917428732113 
+917428732114 
+917428732115 
+917428732116 
+917428732117 
+917428732118 
+917428732119 
+917428732120 
+917428732121 
+917428732122 
+917428732123 
+917428732124 
+917428732125 
+917428732126 
+917428732127 
+917428732128 
+917428732129 
+917428732130 
+917428732131 
+917428732132 
+917428732133 
+917428732134 
+917428732135 
+917428732136 
+917428732137 
+917428732138 
+917428732139 
+917428732140 
+917428732141 
+917428732142 
+917428732143 
+917428732144 
+917428732145 
+917428732146 
+917428732147 
+917428732148 
+917428732149 
+917428732150 
+917428732151 
+917428732152 
+917428732153 
+917428732154 
+917428732155 
+917428732156 
+917428732157 
+917428732158 
+917428732159 
+917428732160 
+917428732161 
+917428732162 
+917428732163 
+917428732164 
+917428732165 
+917428732166 
+917428732167 
+917428732168 
+917428732169 
+917428732170 
+917428732171 
+917428732172 
+917428732173 
+917428732174 
+917428732175 
+917428732176 
+917428732177 
+917428732178 
+917428732179 
+917428732180 
+917428732181 
+917428732182 
+917428732183 
+917428732184 
+917428732185 
+917428732186 
+917428732187 
+917428732188 
+917428732189 
+917428732190 
+917428732191 
+917428732192 
+917428732193 
+917428732194 
+917428732195 
+917428732196 
+917428732197 
+917428732198 
+917428732199 
+917428732200 
+917428732201 
+917428732202 
+917428732203 
+917428732204 
+917428732205 
+917428732206 
+917428732207 
+917428732208 
+917428732209 
+917428732210 
+917428732211 
+917428732212 
+917428732213 
+917428732214 
+917428732215 
+917428732216 
+917428732217 
+917428732218 
+917428732219 
+917428732220 
+917428732221 
+917428732222 
+917428732223 
+917428732224 
+917428732225 
+917428732226 
+917428732227 
+917428732228 
+917428732229 
+917428732230 
+917428732231 
+917428732232 
+917428732233 
+917428732234 
+917428732235 
+917428732236 
+917428732237 
+917428732238 
+917428732239 
+917428732240 
+917428732241 
+917428732242 
+917428732243 
+917428732244 
+917428732245 
+917428732246 
+917428732247 
+917428732248 
+917428732249 
+917428732250 
+917428732251 
+917428732252 
+917428732253 
+917428732254 
+917428732255 
+917428732256 
+917428732257 
+917428732258 
+917428732259 
+917428732260 
+917428732261 
+917428732262 
+917428732263 
+917428732264 
+917428732265 
+917428732266 
+917428732267 
+917428732268 
+917428732269 
+917428732270 
+917428732271 
+917428732272 
+917428732273 
+917428732274 
+917428732275 
+917428732276 
+917428732277 
+917428732278 
+917428732279 
+917428732280 
+917428732281 
+917428732282 
+917428732283 
+917428732284 
+917428732285 
+917428732286 
+917428732287 
+917428732288 
+917428732289 
+917428732290 
+917428732291 
+917428732292 
+917428732293 
+917428732294 
+917428732295 
+917428732296 
+917428732297 
+917428732298 
+917428732299 
+917428732300 
+917428732301 
+917428732302 
+917428732303 
+917428732304 
+917428732305 
+917428732306 
+917428732307 
+917428732308 
+917428732309 
+917428732310 
+917428732311 
+917428732312 
+917428732313 
+917428732314 
+917428732315 
+917428732316 
+917428732317 
+917428732318 
+917428732319 
+917428732320 
+917428732321 
+917428732322 
+917428732323 
+917428732324 
+917428732325 
+917428732326 
+917428732327 
+917428732328 
+917428732329 
+917428732330 
+917428732331 
+917428732332 
+917428732333 
+917428732334 
+917428732335 
+917428732336 
+917428732337 
+917428732338 
+917428732339 
+917428732340 
+917428732341 
+917428732342 
+917428732343 
+917428732344 
+917428732345 
+917428732346 
+917428732347 
+917428732348 
+917428732349 
+917428732350 
+917428732351 
+917428732352 
+917428732353 
+917428732354 
+917428732355 
+917428732356 
+917428732357 
+917428732358 
+917428732359 
+917428732360 
+917428732361 
+917428732362 
+917428732363 
+917428732364 
+917428732365 
+917428732366 
+917428732367 
+917428732368 
+917428732369 
+917428732370 
+917428732371 
+917428732372 
+917428732373 
+917428732374 
+917428732375 
+917428732376 
+917428732377 
+917428732378 
+917428732379 
+917428732380 
+917428732381 
+917428732382 
+917428732383 
+917428732384 
+917428732385 
+917428732386 
+917428732387 
+917428732388 
+917428732389 
+917428732390 
+917428732391 
+917428732392 
+917428732393 
+917428732394 
+917428732395 
+917428732396 
+917428732397 
+917428732398 
+917428732399 
+917428732400 
+917428732401 
+917428732402 
+917428732403 
+917428732404 
+917428732405 
+917428732406 
+917428732407 
+917428732408 
+917428732409 
+917428732410 
+917428732411 
+917428732412 
+917428732413 
+917428732414 
+917428732415 
+917428732416 
+917428732417 
+917428732418 
+917428732419 
+917428732420 
+917428732421 
+917428732422 
+917428732423 
+917428732424 
+917428732425 
+917428732426 
+917428732427 
+917428732428 
+917428732429 
+917428732430 
+917428732431 
+917428732432 
+917428732433 
+917428732434 
+917428732435 
+917428732436 
+917428732437 
+917428732438 
+917428732439 
+917428732440 
+917428732441 
+917428732442 
+917428732443 
+917428732444 
+917428732445 
+917428732446 
+917428732447 
+917428732448 
+917428732449 
+917428732450 
+917428732451 
+917428732452 
+917428732453 
+917428732454 
+917428732455 
+917428732456 
+917428732457 
+917428732458 
+917428732459 
+917428732460 
+917428732461 
+917428732462 
+917428732463 
+917428732464 
+917428732465 
+917428732466 
+917428732467 
+917428732468 
+917428732469 
+917428732470 
+917428732471 
+917428732472 
+917428732473 
+917428732474 
+917428732475 
+917428732476 
+917428732477 
+917428732478 
+917428732479 
+917428732480 
+917428732481 
+917428732482 
+917428732483 
+917428732484 
+917428732485 
+917428732486 
+917428732487 
+917428732488 
+917428732489 
+917428732490 
+917428732491 
+917428732492 
+917428732493 
+917428732494 
+917428732495 
+917428732496 
+917428732497 
+917428732498 
+917428732499 
+917428732500 
+917428732501 
+917428732502 
+917428732503 
+917428732504 
+917428732505 
+917428732506 
+917428732507 
+917428732508 
+917428732509 
+917428732510 
+917428732511 
+917428732512 
+917428732513 
+917428732514 
+917428732515 
+917428732516 
+917428732517 
+917428732518 
+917428732519 
+917428732520 
+917428732521 
+917428732522 
+917428732523 
+917428732524 
+917428732525 
+917428732526 
+917428732527 
+917428732528 
+917428732529 
+917428732530 
+917428732531 
+917428732532 
+917428732533 
+917428732534 
+917428732535 
+917428732536 
+917428732537 
+917428732538 
+917428732539 
+917428732540 
+917428732541 
+917428732542 
+917428732543 
+917428732544 
+917428732545 
+917428732546 
+917428732547 
+917428732548 
+917428732549 
+917428732550 
+917428732551 
+917428732552 
+917428732553 
+917428732554 
+917428732555 
+917428732556 
+917428732557 
+917428732558 
+917428732559 
+917428732560 
+917428732561 
+917428732562 
+917428732563 
+917428732564 
+917428732565 
+917428732566 
+917428732567 
+917428732568 
+917428732569 
+917428732570 
+917428732571 
+917428732572 
+917428732573 
+917428732574 
+917428732575 
+917428732576 
+917428732577 
+917428732578 
+917428732579 
+917428732580 
+917428732581 
+917428732582 
+917428732583 
+917428732584 
+917428732585 
+917428732586 
+917428732587 
+917428732588 
+917428732589 
+917428732590 
+917428732591 
+917428732592 
+917428732593 
+917428732594 
+917428732595 
+917428732596 
+917428732597 
+917428732598 
+917428732599 
+917428732600 
+917428732601 
+917428732602 
+917428732603 
+917428732604 
+917428732605 
+917428732606 
+917428732607 
+917428732608 
+917428732609 
+917428732610 
+917428732611 
+917428732612 
+917428732613 
+917428732614 
+917428732615 
+917428732616 
+917428732617 
+917428732618 
+917428732619 
+917428732620 
+917428732621 
+917428732622 
+917428732623 
+917428732624 
+917428732625 
+917428732626 
+917428732627 
+917428732628 
+917428732629 
+917428732630 
+917428732631 
+917428732632 
+917428732633 
+917428732634 
+917428732635 
+917428732636 
+917428732637 
+917428732638 
+917428732639 
+917428732640 
+917428732641 
+917428732642 
+917428732643 
+917428732644 
+917428732645 
+917428732646 
+917428732647 
+917428732648 
+917428732649 
+917428732650 
+917428732651 
+917428732652 
+917428732653 
+917428732654 
+917428732655 
+917428732656 
+917428732657 
+917428732658 
+917428732659 
+917428732660 
+917428732661 
+917428732662 
+917428732663 
+917428732664 
+917428732665 
+917428732666 
+917428732667 
+917428732668 
+917428732669 
+917428732670 
+917428732671 
+917428732672 
+917428732673 
+917428732674 
+917428732675 
+917428732676 
+917428732677 
+917428732678 
+917428732679 
+917428732680 
+917428732681 
+917428732682 
+917428732683 
+917428732684 
+917428732685 
+917428732686 
+917428732687 
+917428732688 
+917428732689 
+917428732690 
+917428732691 
+917428732692 
+917428732693 
+917428732694 
+917428732695 
+917428732696 
+917428732697 
+917428732698 
+917428732699 
+917428732700 
+917428732701 
+917428732702 
+917428732703 
+917428732704 
+917428732705 
+917428732706 
+917428732707 
+917428732708 
+917428732709 
+917428732710 
+917428732711 
+917428732712 
+917428732713 
+917428732714 
+917428732715 
+917428732716 
+917428732717 
+917428732718 
+917428732719 
+917428732720 
+917428732721 
+917428732722 
+917428732723 
+917428732724 
+917428732725 
+917428732726 
+917428732727 
+917428732728 
+917428732729 
+917428732730 
+917428732731 
+917428732732 
+917428732733 
+917428732734 
+917428732735 
+917428732736 
+917428732737 
+917428732738 
+917428732739 
+917428732740 
+917428732741 
+917428732742 
+917428732743 
+917428732744 
+917428732745 
+917428732746 
+917428732747 
+917428732748 
+917428732749 
+917428732750 
+917428732751 
+917428732752 
+917428732753 
+917428732754 
+917428732755 
+917428732756 
+917428732757 
+917428732758 
+917428732759 
+917428732760 
+917428732761 
+917428732762 
+917428732763 
+917428732764 
+917428732765 
+917428732766 
+917428732767 
+917428732768 
+917428732769 
+917428732770 
+917428732771 
+917428732772 
+917428732773 
+917428732774 
+917428732775 
+917428732776 
+917428732777 
+917428732778 
+917428732779 
+917428732780 
+917428732781 
+917428732782 
+917428732783 
+917428732784 
+917428732785 
+917428732786 
+917428732787 
+917428732788 
+917428732789 
+917428732790 
+917428732791 
+917428732792 
+917428732793 
+917428732794 
+917428732795 
+917428732796 
+917428732797 
+917428732798 
+917428732799 
+917428732800 
+917428732801 
+917428732802 
+917428732803 
+917428732804 
+917428732805 
+917428732806 
+917428732807 
+917428732808 
+917428732809 
+917428732810 
+917428732811 
+917428732812 
+917428732813 
+917428732814 
+917428732815 
+917428732816 
+917428732817 
+917428732818 
+917428732819 
+917428732820 
+917428732821 
+917428732822 
+917428732823 
+917428732824 
+917428732825 
+917428732826 
+917428732827 
+917428732828 
+917428732829 
+917428732830 
+917428732831 
+917428732832 
+917428732833 
+917428732834 
+917428732835 
+917428732836 
+917428732837 
+917428732838 
+917428732839 
+917428732840 
+917428732841 
+917428732842 
+917428732843 
+917428732844 
+917428732845 
+917428732846 
+917428732847 
+917428732848 
+917428732849 
+917428732850 
+917428732851 
+917428732852 
+917428732853 
+917428732854 
+917428732855 
+917428732856 
+917428732857 
+917428732858 
+917428732859 
+917428732860 
+917428732861 
+917428732862 
+917428732863 
+917428732864 
+917428732865 
+917428732866 
+917428732867 
+917428732868 
+917428732869 
+917428732870 
+917428732871 
+917428732872 
+917428732873 
+917428732874 
+917428732875 
+917428732876 
+917428732877 
+917428732878 
+917428732879 
+917428732880 
+917428732881 
+917428732882 
+917428732883 
+917428732884 
+917428732885 
+917428732886 
+917428732887 
+917428732888 
+917428732889 
+917428732890 
+917428732891 
+917428732892 
+917428732893 
+917428732894 
+917428732895 
+917428732896 
+917428732897 
+917428732898 
+917428732899 
+917428732900 
+917428732901 
+917428732902 
+917428732903 
+917428732904 
+917428732905 
+917428732906 
+917428732907 
+917428732908 
+917428732909 
+917428732910 
+917428732911 
+917428732912 
+917428732913 
+917428732914 
+917428732915 
+917428732916 
+917428732917 
+917428732918 
+917428732919 
+917428732920 
+917428732921 
+917428732922 
+917428732923 
+917428732924 
+917428732925 
+917428732926 
+917428732927 
+917428732928 
+917428732929 
+917428732930 
+917428732931 
+917428732932 
+917428732933 
+917428732934 
+917428732935 
+917428732936 
+917428732937 
+917428732938 
+917428732939 
+917428732940 
+917428732941 
+917428732942 
+917428732943 
+917428732944 
+917428732945 
+917428732946 
+917428732947 
+917428732948 
+917428732949 
+917428732950 
+917428732951 
+917428732952 
+917428732953 
+917428732954 
+917428732955 
+917428732956 
+917428732957 
+917428732958 
+917428732959 
+917428732960 
+917428732961 
+917428732962 
+917428732963 
+917428732964 
+917428732965 
+917428732966 
+917428732967 
+917428732968 
+917428732969 
+917428732970 
+917428732971 
+917428732972 
+917428732973 
+917428732974 
+917428732975 
+917428732976 
+917428732977 
+917428732978 
+917428732979 
+917428732980 
+917428732981 
+917428732982 
+917428732983 
+917428732984 
+917428732985 
+917428732986 
+917428732987 
+917428732988 
+917428732989 
+917428732990 
+917428732991 
+917428732992 
+917428732993 
+917428732994 
+917428732995 
+917428732996 
+917428732997 
+917428732998 
+917428732999 
+917428733000 
+917428733001 
+917428733002 
+917428733003 
+917428733004 
+917428733005 
+917428733006 
+917428733007 
+917428733008 
+917428733009 
+917428733010 
+917428733011 
+917428733012 
+917428733013 
+917428733014 
+917428733015 
+917428733016 
+917428733017 
+917428733018 
+917428733019 
+917428733020 
+917428733021 
+917428733022 
+917428733023 
+917428733024 
+917428733025 
+917428733026 
+917428733027 
+917428733028 
+917428733029 
+917428733030 
+917428733031 
+917428733032 
+917428733033 
+917428733034 
+917428733035 
+917428733036 
+917428733037 
+917428733038 
+917428733039 
+917428733040 
+917428733041 
+917428733042 
+917428733043 
+917428733044 
+917428733045 
+917428733046 
+917428733047 
+917428733048 
+917428733049 
+917428733050 
+917428733051 
+917428733052 
+917428733053 
+917428733054 
+917428733055 
+917428733056 
+917428733057 
+917428733058 
+917428733059 
+917428733060 
+917428733061 
+917428733062 
+917428733063 
+917428733064 
+917428733065 
+917428733066 
+917428733067 
+917428733068 
+917428733069 
+917428733070 
+917428733071 
+917428733072 
+917428733073 
+917428733074 
+917428733075 
+917428733076 
+917428733077 
+917428733078 
+917428733079 
+917428733080 
+917428733081 
+917428733082 
+917428733083 
+917428733084 
+917428733085 
+917428733086 
+917428733087 
+917428733088 
+917428733089 
+917428733090 
+917428733091 
+917428733092 
+917428733093 
+917428733094 
+917428733095 
+917428733096 
+917428733097 
+917428733098 
+917428733099 
+917428733100 
+917428733101 
+917428733102 
+917428733103 
+917428733104 
+917428733105 
+917428733106 
+917428733107 
+917428733108 
+917428733109 
+917428733110 
+917428733111 
+917428733112 
+917428733113 
+917428733114 
+917428733115 
+917428733116 
+917428733117 
+917428733118 
+917428733119 
+917428733120 
+917428733121 
+917428733122 
+917428733123 
+917428733124 
+917428733125 
+917428733126 
+917428733127 
+917428733128 
+917428733129 
+917428733130 
+917428733131 
+917428733132 
+917428733133 
+917428733134 
+917428733135 
+917428733136 
+917428733137 
+917428733138 
+917428733139 
+917428733140 
+917428733141 
+917428733142 
+917428733143 
+917428733144 
+917428733145 
+917428733146 
+917428733147 
+917428733148 
+917428733149 
+917428733150 
+917428733151 
+917428733152 
+917428733153 
+917428733154 
+917428733155 
+917428733156 
+917428733157 
+917428733158 
+917428733159 
+917428733160 
+917428733161 
+917428733162 
+917428733163 
+917428733164 
+917428733165 
+917428733166 
+917428733167 
+917428733168 
+917428733169 
+917428733170 
+917428733171 
+917428733172 
+917428733173 
+917428733174 
+917428733175 
+917428733176 
+917428733177 
+917428733178 
+917428733179 
+917428733180 
+917428733181 
+917428733182 
+917428733183 
+917428733184 
+917428733185 
+917428733186 
+917428733187 
+917428733188 
+917428733189 
+917428733190 
+917428733191 
+917428733192 
+917428733193 
+917428733194 
+917428733195 
+917428733196 
+917428733197 
+917428733198 
+917428733199 
+917428733200 
+917428733201 
+917428733202 
+917428733203 
+917428733204 
+917428733205 
+917428733206 
+917428733207 
+917428733208 
+917428733209 
+917428733210 
+917428733211 
+917428733212 
+917428733213 
+917428733214 
+917428733215 
+917428733216 
+917428733217 
+917428733218 
+917428733219 
+917428733220 
+917428733221 
+917428733222 
+917428733223 
+917428733224 
+917428733225 
+917428733226 
+917428733227 
+917428733228 
+917428733229 
+917428733230 
+917428733231 
+917428733232 
+917428733233 
+917428733234 
+917428733235 
+917428733236 
+917428733237 
+917428733238 
+917428733239 
+917428733240 
+917428733241 
+917428733242 
+917428733243 
+917428733244 
+917428733245 
+917428733246 
+917428733247 
+917428733248 
+917428733249 
+917428733250 
+917428733251 
+917428733252 
+917428733253 
+917428733254 
+917428733255 
+917428733256 
+917428733257 
+917428733258 
+917428733259 
+917428733260 
+917428733261 
+917428733262 
+917428733263 
+917428733264 
+917428733265 
+917428733266 
+917428733267 
+917428733268 
+917428733269 
+917428733270 
+917428733271 
+917428733272 
+917428733273 
+917428733274 
+917428733275 
+917428733276 
+917428733277 
+917428733278 
+917428733279 
+917428733280 
+917428733281 
+917428733282 
+917428733283 
+917428733284 
+917428733285 
+917428733286 
+917428733287 
+917428733288 
+917428733289 
+917428733290 
+917428733291 
+917428733292 
+917428733293 
+917428733294 
+917428733295 
+917428733296 
+917428733297 
+917428733298 
+917428733299 
+917428733300 
+917428733301 
+917428733302 
+917428733303 
+917428733304 
+917428733305 
+917428733306 
+917428733307 
+917428733308 
+917428733309 
+917428733310 
+917428733311 
+917428733312 
+917428733313 
+917428733314 
+917428733315 
+917428733316 
+917428733317 
+917428733318 
+917428733319 
+917428733320 
+917428733321 
+917428733322 
+917428733323 
+917428733324 
+917428733325 
+917428733326 
+917428733327 
+917428733328 
+917428733329 
+917428733330 
+917428733331 
+917428733332 
+917428733333 
+917428733334 
+917428733335 
+917428733336 
+917428733337 
+917428733338 
+917428733339 
+917428733340 
+917428733341 
+917428733342 
+917428733343 
+917428733344 
+917428733345 
+917428733346 
+917428733347 
+917428733348 
+917428733349 
+917428733350 
+917428733351 
+917428733352 
+917428733353 
+917428733354 
+917428733355 
+917428733356 
+917428733357 
+917428733358 
+917428733359 
+917428733360 
+917428733361 
+917428733362 
+917428733363 
+917428733364 
+917428733365 
+917428733366 
+917428733367 
+917428733368 
+917428733369 
+917428733370 
+917428733371 
+917428733372 
+917428733373 
+917428733374 
+917428733375 
+917428733376 
+917428733377 
+917428733378 
+917428733379 
+917428733380 
+917428733381 
+917428733382 
+917428733383 
+917428733384 
+917428733385 
+917428733386 
+917428733387 
+917428733388 
+917428733389 
+917428733390 
+917428733391 
+917428733392 
+917428733393 
+917428733394 
+917428733395 
+917428733396 
+917428733397 
+917428733398 
+917428733399 
+917428733400 
+917428733401 
+917428733402 
+917428733403 
+917428733404 
+917428733405 
+917428733406 
+917428733407 
+917428733408 
+917428733409 
+917428733410 
+917428733411 
+917428733412 
+917428733413 
+917428733414 
+917428733415 
+917428733416 
+917428733417 
+917428733418 
+917428733419 
+917428733420 
+917428733421 
+917428733422 
+917428733423 
+917428733424 
+917428733425 
+917428733426 
+917428733427 
+917428733428 
+917428733429 
+917428733430 
+917428733431 
+917428733432 
+917428733433 
+917428733434 
+917428733435 
+917428733436 
+917428733437 
+917428733438 
+917428733439 
+917428733440 
+917428733441 
+917428733442 
+917428733443 
+917428733444 
+917428733445 
+917428733446 
+917428733447 
+917428733448 
+917428733449 
+917428733450 
+917428733451 
+917428733452 
+917428733453 
+917428733454 
+917428733455 
+917428733456 
+917428733457 
+917428733458 
+917428733459 
+917428733460 
+917428733461 
+917428733462 
+917428733463 
+917428733464 
+917428733465 
+917428733466 
+917428733467 
+917428733468 
+917428733469 
+917428733470 
+917428733471 
+917428733472 
+917428733473 
+917428733474 
+917428733475 
+917428733476 
+917428733477 
+917428733478 
+917428733479 
+917428733480 
+917428733481 
+917428733482 
+917428733483 
+917428733484 
+917428733485 
+917428733486 
+917428733487 
+917428733488 
+917428733489 
+917428733490 
+917428733491 
+917428733492 
+917428733493 
+917428733494 
+917428733495 
+917428733496 
+917428733497 
+917428733498 
+917428733499 
+917428733500 
+917428733501 
+917428733502 
+917428733503 
+917428733504 
+917428733505 
+917428733506 
+917428733507 
+917428733508 
+917428733509 
+917428733510 
+917428733511 
+917428733512 
+917428733513 
+917428733514 
+917428733515 
+917428733516 
+917428733517 
+917428733518 
+917428733519 
+917428733520 
+917428733521 
+917428733522 
+917428733523 
+917428733524 
+917428733525 
+917428733526 
+917428733527 
+917428733528 
+917428733529 
+917428733530 
+917428733531 
+917428733532 
+917428733533 
+917428733534 
+917428733535 
+917428733536 
+917428733537 
+917428733538 
+917428733539 
+917428733540 
+917428733541 
+917428733542 
+917428733543 
+917428733544 
+917428733545 
+917428733546 
+917428733547 
+917428733548 
+917428733549 
+917428733550 
+917428733551 
+917428733552 
+917428733553 
+917428733554 
+917428733555 
+917428733556 
+917428733557 
+917428733558 
+917428733559 
+917428733560 
+917428733561 
+917428733562 
+917428733563 
+917428733564 
+917428733565 
+917428733566 
+917428733567 
+917428733568 
+917428733569 
+917428733570 
+917428733571 
+917428733572 
+917428733573 
+917428733574 
+917428733575 
+917428733576 
+917428733577 
+917428733578 
+917428733579 
+917428733580 
+917428733581 
+917428733582 
+917428733583 
+917428733584 
+917428733585 
+917428733586 
+917428733587 
+917428733588 
+917428733589 
+917428733590 
+917428733591 
+917428733592 
+917428733593 
+917428733594 
+917428733595 
+917428733596 
+917428733597 
+917428733598 
+917428733599 
+917428733600 
+917428733601 
+917428733602 
+917428733603 
+917428733604 
+917428733605 
+917428733606 
+917428733607 
+917428733608 
+917428733609 
+917428733610 
+917428733611 
+917428733612 
+917428733613 
+917428733614 
+917428733615 
+917428733616 
+917428733617 
+917428733618 
+917428733619 
+917428733620 
+917428733621 
+917428733622 
+917428733623 
+917428733624 
+917428733625 
+917428733626 
+917428733627 
+917428733628 
+917428733629 
+917428733630 
+917428733631 
+917428733632 
+917428733633 
+917428733634 
+917428733635 
+917428733636 
+917428733637 
+917428733638 
+917428733639 
+917428733640 
+917428733641 
+917428733642 
+917428733643 
+917428733644 
+917428733645 
+917428733646 
+917428733647 
+917428733648 
+917428733649 
+917428733650 
+917428733651 
+917428733652 
+917428733653 
+917428733654 
+917428733655 
+917428733656 
+917428733657 
+917428733658 
+917428733659 
+917428733660 
+917428733661 
+917428733662 
+917428733663 
+917428733664 
+917428733665 
+917428733666 
+917428733667 
+917428733668 
+917428733669 
+917428733670 
+917428733671 
+917428733672 
+917428733673 
+917428733674 
+917428733675 
+917428733676 
+917428733677 
+917428733678 
+917428733679 
+917428733680 
+917428733681 
+917428733682 
+917428733683 
+917428733684 
+917428733685 
+917428733686 
+917428733687 
+917428733688 
+917428733689 
+917428733690 
+917428733691 
+917428733692 
+917428733693 
+917428733694 
+917428733695 
+917428733696 
+917428733697 
+917428733698 
+917428733699 
+917428733700 
+917428733701 
+917428733702 
+917428733703 
+917428733704 
+917428733705 
+917428733706 
+917428733707 
+917428733708 
+917428733709 
+917428733710 
+917428733711 
+917428733712 
+917428733713 
+917428733714 
+917428733715 
+917428733716 
+917428733717 
+917428733718 
+917428733719 
+917428733720 
+917428733721 
+917428733722 
+917428733723 
+917428733724 
+917428733725 
+917428733726 
+917428733727 
+917428733728 
+917428733729 
+917428733730 
+917428733731 
+917428733732 
+917428733733 
+917428733734 
+917428733735 
+917428733736 
+917428733737 
+917428733738 
+917428733739 
+917428733740 
+917428733741 
+917428733742 
+917428733743 
+917428733744 
+917428733745 
+917428733746 
+917428733747 
+917428733748 
+917428733749 
+917428733750 
+917428733751 
+917428733752 
+917428733753 
+917428733754 
+917428733755 
+917428733756 
+917428733757 
+917428733758 
+917428733759 
+917428733760 
+917428733761 
+917428733762 
+917428733763 
+917428733764 
+917428733765 
+917428733766 
+917428733767 
+917428733768 
+917428733769 
+917428733770 
+917428733771 
+917428733772 
+917428733773 
+917428733774 
+917428733775 
+917428733776 
+917428733777 
+917428733778 
+917428733779 
+917428733780 
+917428733781 
+917428733782 
+917428733783 
+917428733784 
+917428733785 
+917428733786 
+917428733787 
+917428733788 
+917428733789 
+917428733790 
+917428733791 
+917428733792 
+917428733793 
+917428733794 
+917428733795 
+917428733796 
+917428733797 
+917428733798 
+917428733799 
+917428733800 
+917428733801 
+917428733802 
+917428733803 
+917428733804 
+917428733805 
+917428733806 
+917428733807 
+917428733808 
+917428733809 
+917428733810 
+917428733811 
+917428733812 
+917428733813 
+917428733814 
+917428733815 
+917428733816 
+917428733817 
+917428733818 
+917428733819 
+917428733820 
+917428733821 
+917428733822 
+917428733823 
+917428733824 
+917428733825 
+917428733826 
+917428733827 
+917428733828 
+917428733829 
+917428733830 
+917428733831 
+917428733832 
+917428733833 
+917428733834 
+917428733835 
+917428733836 
+917428733837 
+917428733838 
+917428733839 
+917428733840 
+917428733841 
+917428733842 
+917428733843 
+917428733844 
+917428733845 
+917428733846 
+917428733847 
+917428733848 
+917428733849 
+917428733850 
+917428733851 
+917428733852 
+917428733853 
+917428733854 
+917428733855 
+917428733856 
+917428733857 
+917428733858 
+917428733859 
+917428733860 
+917428733861 
+917428733862 
+917428733863 
+917428733864 
+917428733865 
+917428733866 
+917428733867 
+917428733868 
+917428733869 
+917428733870 
+917428733871 
+917428733872 
+917428733873 
+917428733874 
+917428733875 
+917428733876 
+917428733877 
+917428733878 
+917428733879 
+917428733880 
+917428733881 
+917428733882 
+917428733883 
+917428733884 
+917428733885 
+917428733886 
+917428733887 
+917428733888 
+917428733889 
+917428733890 
+917428733891 
+917428733892 
+917428733893 
+917428733894 
+917428733895 
+917428733896 
+917428733897 
+917428733898 
+917428733899 
+917428733900 
+917428733901 
+917428733902 
+917428733903 
+917428733904 
+917428733905 
+917428733906 
+917428733907 
+917428733908 
+917428733909 
+917428733910 
+917428733911 
+917428733912 
+917428733913 
+917428733914 
+917428733915 
+917428733916 
+917428733917 
+917428733918 
+917428733919 
+917428733920 
+917428733921 
+917428733922 
+917428733923 
+917428733924 
+917428733925 
+917428733926 
+917428733927 
+917428733928 
+917428733929 
+917428733930 
+917428733931 
+917428733932 
+917428733933 
+917428733934 
+917428733935 
+917428733936 
+917428733937 
+917428733938 
+917428733939 
+917428733940 
+917428733941 
+917428733942 
+917428733943 
+917428733944 
+917428733945 
+917428733946 
+917428733947 
+917428733948 
+917428733949 
+917428733950 
+917428733951 
+917428733952 
+917428733953 
+917428733954 
+917428733955 
+917428733956 
+917428733957 
+917428733958 
+917428733959 
+917428733960 
+917428733961 
+917428733962 
+917428733963 
+917428733964 
+917428733965 
+917428733966 
+917428733967 
+917428733968 
+917428733969 
+917428733970 
+917428733971 
+917428733972 
+917428733973 
+917428733974 
+917428733975 
+917428733976 
+917428733977 
+917428733978 
+917428733979 
+917428733980 
+917428733981 
+917428733982 
+917428733983 
+917428733984 
+917428733985 
+917428733986 
+917428733987 
+917428733988 
+917428733989 
+917428733990 
+917428733991 
+917428733992 
+917428733993 
+917428733994 
+917428733995 
+917428733996 
+917428733997 
+917428733998 
+917428733999 
+917428734000 
+917428734001 
+917428734002 
+917428734003 
+917428734004 
+917428734005 
+917428734006 
+917428734007 
+917428734008 
+917428734009 
+917428734010 
+917428734011 
+917428734012 
+917428734013 
+917428734014 
+917428734015 
+917428734016 
+917428734017 
+917428734018 
+917428734019 
+917428734020 
+917428734021 
+917428734022 
+917428734023 
+917428734024 
+917428734025 
+917428734026 
+917428734027 
+917428734028 
+917428734029 
+917428734030 
+917428734031 
+917428734032 
+917428734033 
+917428734034 
+917428734035 
+917428734036 
+917428734037 
+917428734038 
+917428734039 
+917428734040 
+917428734041 
+917428734042 
+917428734043 
+917428734044 
+917428734045 
+917428734046 
+917428734047 
+917428734048 
+917428734049 
+917428734050 
+917428734051 
+917428734052 
+917428734053 
+917428734054 
+917428734055 
+917428734056 
+917428734057 
+917428734058 
+917428734059 
+917428734060 
+917428734061 
+917428734062 
+917428734063 
+917428734064 
+917428734065 
+917428734066 
+917428734067 
+917428734068 
+917428734069 
+917428734070 
+917428734071 
+917428734072 
+917428734073 
+917428734074 
+917428734075 
+917428734076 
+917428734077 
+917428734078 
+917428734079 
+917428734080 
+917428734081 
+917428734082 
+917428734083 
+917428734084 
+917428734085 
+917428734086 
+917428734087 
+917428734088 
+917428734089 
+917428734090 
+917428734091 
+917428734092 
+917428734093 
+917428734094 
+917428734095 
+917428734096 
+917428734097 
+917428734098 
+917428734099 
+917428734100 
+917428734101 
+917428734102 
+917428734103 
+917428734104 
+917428734105 
+917428734106 
+917428734107 
+917428734108 
+917428734109 
+917428734110 
+917428734111 
+917428734112 
+917428734113 
+917428734114 
+917428734115 
+917428734116 
+917428734117 
+917428734118 
+917428734119 
+917428734120 
+917428734121 
+917428734122 
+917428734123 
+917428734124 
+917428734125 
+917428734126 
+917428734127 
+917428734128 
+917428734129 
+917428734130 
+917428734131 
+917428734132 
+917428734133 
+917428734134 
+917428734135 
+917428734136 
+917428734137 
+917428734138 
+917428734139 
+917428734140 
+917428734141 
+917428734142 
+917428734143 
+917428734144 
+917428734145 
+917428734146 
+917428734147 
+917428734148 
+917428734149 
+917428734150 
+917428734151 
+917428734152 
+917428734153 
+917428734154 
+917428734155 
+917428734156 
+917428734157 
+917428734158 
+917428734159 
+917428734160 
+917428734161 
+917428734162 
+917428734163 
+917428734164 
+917428734165 
+917428734166 
+917428734167 
+917428734168 
+917428734169 
+917428734170 
+917428734171 
+917428734172 
+917428734173 
+917428734174 
+917428734175 
+917428734176 
+917428734177 
+917428734178 
+917428734179 
+917428734180 
+917428734181 
+917428734182 
+917428734183 
+917428734184 
+917428734185 
+917428734186 
+917428734187 
+917428734188 
+917428734189 
+917428734190 
+917428734191 
+917428734192 
+917428734193 
+917428734194 
+917428734195 
+917428734196 
+917428734197 
+917428734198 
+917428734199 
+917428734200 
+917428734201 
+917428734202 
+917428734203 
+917428734204 
+917428734205 
+917428734206 
+917428734207 
+917428734208 
+917428734209 
+917428734210 
+917428734211 
+917428734212 
+917428734213 
+917428734214 
+917428734215 
+917428734216 
+917428734217 
+917428734218 
+917428734219 
+917428734220 
+917428734221 
+917428734222 
+917428734223 
+917428734224 
+917428734225 
+917428734226 
+917428734227 
+917428734228 
+917428734229 
+917428734230 
+917428734231 
+917428734232 
+917428734233 
+917428734234 
+917428734235 
+917428734236 
+917428734237 
+917428734238 
+917428734239 
+917428734240 
+917428734241 
+917428734242 
+917428734243 
+917428734244 
+917428734245 
+917428734246 
+917428734247 
+917428734248 
+917428734249 
+917428734250 
+917428734251 
+917428734252 
+917428734253 
+917428734254 
+917428734255 
+917428734256 
+917428734257 
+917428734258 
+917428734259 
+917428734260 
+917428734261 
+917428734262 
+917428734263 
+917428734264 
+917428734265 
+917428734266 
+917428734267 
+917428734268 
+917428734269 
+917428734270 
+917428734271 
+917428734272 
+917428734273 
+917428734274 
+917428734275 
+917428734276 
+917428734277 
+917428734278 
+917428734279 
+917428734280 
+917428734281 
+917428734282 
+917428734283 
+917428734284 
+917428734285 
+917428734286 
+917428734287 
+917428734288 
+917428734289 
+917428734290 
+917428734291 
+917428734292 
+917428734293 
+917428734294 
+917428734295 
+917428734296 
+917428734297 
+917428734298 
+917428734299 
+917428734300 
+917428734301 
+917428734302 
+917428734303 
+917428734304 
+917428734305 
+917428734306 
+917428734307 
+917428734308 
+917428734309 
+917428734310 
+917428734311 
+917428734312 
+917428734313 
+917428734314 
+917428734315 
+917428734316 
+917428734317 
+917428734318 
+917428734319 
+917428734320 
+917428734321 
+917428734322 
+917428734323 
+917428734324 
+917428734325 
+917428734326 
+917428734327 
+917428734328 
+917428734329 
+917428734330 
+917428734331 
+917428734332 
+917428734333 
+917428734334 
+917428734335 
+917428734336 
+917428734337 
+917428734338 
+917428734339 
+917428734340 
+917428734341 
+917428734342 
+917428734343 
+917428734344 
+917428734345 
+917428734346 
+917428734347 
+917428734348 
+917428734349 
+917428734350 
+917428734351 
+917428734352 
+917428734353 
+917428734354 
+917428734355 
+917428734356 
+917428734357 
+917428734358 
+917428734359 
+917428734360 
+917428734361 
+917428734362 
+917428734363 
+917428734364 
+917428734365 
+917428734366 
+917428734367 
+917428734368 
+917428734369 
+917428734370 
+917428734371 
+917428734372 
+917428734373 
+917428734374 
+917428734375 
+917428734376 
+917428734377 
+917428734378 
+917428734379 
+917428734380 
+917428734381 
+917428734382 
+917428734383 
+917428734384 
+917428734385 
+917428734386 
+917428734387 
+917428734388 
+917428734389 
+917428734390 
+917428734391 
+917428734392 
+917428734393 
+917428734394 
+917428734395 
+917428734396 
+917428734397 
+917428734398 
+917428734399 
+917428734400 
+917428734401 
+917428734402 
+917428734403 
+917428734404 
+917428734405 
+917428734406 
+917428734407 
+917428734408 
+917428734409 
+917428734410 
+917428734411 
+917428734412 
+917428734413 
+917428734414 
+917428734415 
+917428734416 
+917428734417 
+917428734418 
+917428734419 
+917428734420 
+917428734421 
+917428734422 
+917428734423 
+917428734424 
+917428734425 
+917428734426 
+917428734427 
+917428734428 
+917428734429 
+917428734430 
+917428734431 
+917428734432 
+917428734433 
+917428734434 
+917428734435 
+917428734436 
+917428734437 
+917428734438 
+917428734439 
+917428734440 
+917428734441 
+917428734442 
+917428734443 
+917428734444 
+917428734445 
+917428734446 
+917428734447 
+917428734448 
+917428734449 
+917428734450 
+917428734451 
+917428734452 
+917428734453 
+917428734454 
+917428734455 
+917428734456 
+917428734457 
+917428734458 
+917428734459 
+917428734460 
+917428734461 
+917428734462 
+917428734463 
+917428734464 
+917428734465 
+917428734466 
+917428734467 
+917428734468 
+917428734469 
+917428734470 
+917428734471 
+917428734472 
+917428734473 
+917428734474 
+917428734475 
+917428734476 
+917428734477 
+917428734478 
+917428734479 
+917428734480 
+917428734481 
+917428734482 
+917428734483 
+917428734484 
+917428734485 
+917428734486 
+917428734487 
+917428734488 
+917428734489 
+917428734490 
+917428734491 
+917428734492 
+917428734493 
+917428734494 
+917428734495 
+917428734496 
+917428734497 
+917428734498 
+917428734499 
+917428734500 
+917428734501 
+917428734502 
+917428734503 
+917428734504 
+917428734505 
+917428734506 
+917428734507 
+917428734508 
+917428734509 
+917428734510 
+917428734511 
+917428734512 
+917428734513 
+917428734514 
+917428734515 
+917428734516 
+917428734517 
+917428734518 
+917428734519 
+917428734520 
+917428734521 
+917428734522 
+917428734523 
+917428734524 
+917428734525 
+917428734526 
+917428734527 
+917428734528 
+917428734529 
+917428734530 
+917428734531 
+917428734532 
+917428734533 
+917428734534 
+917428734535 
+917428734536 
+917428734537 
+917428734538 
+917428734539 
+917428734540 
+917428734541 
+917428734542 
+917428734543 
+917428734544 
+917428734545 
+917428734546 
+917428734547 
+917428734548 
+917428734549 
+917428734550 
+917428734551 
+917428734552 
+917428734553 
+917428734554 
+917428734555 
+917428734556 
+917428734557 
+917428734558 
+917428734559 
+917428734560 
+917428734561 
+917428734562 
+917428734563 
+917428734564 
+917428734565 
+917428734566 
+917428734567 
+917428734568 
+917428734569 
+917428734570 
+917428734571 
+917428734572 
+917428734573 
+917428734574 
+917428734575 
+917428734576 
+917428734577 
+917428734578 
+917428734579 
+917428734580 
+917428734581 
+917428734582 
+917428734583 
+917428734584 
+917428734585 
+917428734586 
+917428734587 
+917428734588 
+917428734589 
+917428734590 
+917428734591 
+917428734592 
+917428734593 
+917428734594 
+917428734595 
+917428734596 
+917428734597 
+917428734598 
+917428734599 
+917428734600 
+917428734601 
+917428734602 
+917428734603 
+917428734604 
+917428734605 
+917428734606 
+917428734607 
+917428734608 
+917428734609 
+917428734610 
+917428734611 
+917428734612 
+917428734613 
+917428734614 
+917428734615 
+917428734616 
+917428734617 
+917428734618 
+917428734619 
+917428734620 
+917428734621 
+917428734622 
+917428734623 
+917428734624 
+917428734625 
+917428734626 
+917428734627 
+917428734628 
+917428734629 
+917428734630 
+917428734631 
+917428734632 
+917428734633 
+917428734634 
+917428734635 
+917428734636 
+917428734637 
+917428734638 
+917428734639 
+917428734640 
+917428734641 
+917428734642 
+917428734643 
+917428734644 
+917428734645 
+917428734646 
+917428734647 
+917428734648 
+917428734649 
+917428734650 
+917428734651 
+917428734652 
+917428734653 
+917428734654 
+917428734655 
+917428734656 
+917428734657 
+917428734658 
+917428734659 
+917428734660 
+917428734661 
+917428734662 
+917428734663 
+917428734664 
+917428734665 
+917428734666 
+917428734667 
+917428734668 
+917428734669 
+917428734670 
+917428734671 
+917428734672 
+917428734673 
+917428734674 
+917428734675 
+917428734676 
+917428734677 
+917428734678 
+917428734679 
+917428734680 
+917428734681 
+917428734682 
+917428734683 
+917428734684 
+917428734685 
+917428734686 
+917428734687 
+917428734688 
+917428734689 
+917428734690 
+917428734691 
+917428734692 
+917428734693 
+917428734694 
+917428734695 
+917428734696 
+917428734697 
+917428734698 
+917428734699 
+917428734700 
+917428734701 
+917428734702 
+917428734703 
+917428734704 
+917428734705 
+917428734706 
+917428734707 
+917428734708 
+917428734709 
+917428734710 
+917428734711 
+917428734712 
+917428734713 
+917428734714 
+917428734715 
+917428734716 
+917428734717 
+917428734718 
+917428734719 
+917428734720 
+917428734721 
+917428734722 
+917428734723 
+917428734724 
+917428734725 
+917428734726 
+917428734727 
+917428734728 
+917428734729 
+917428734730 
+917428734731 
+917428734732 
+917428734733 
+917428734734 
+917428734735 
+917428734736 
+917428734737 
+917428734738 
+917428734739 
+917428734740 
+917428734741 
+917428734742 
+917428734743 
+917428734744 
+917428734745 
+917428734746 
+917428734747 
+917428734748 
+917428734749 
+917428734750 
+917428734751 
+917428734752 
+917428734753 
+917428734754 
+917428734755 
+917428734756 
+917428734757 
+917428734758 
+917428734759 
+917428734760 
+917428734761 
+917428734762 
+917428734763 
+917428734764 
+917428734765 
+917428734766 
+917428734767 
+917428734768 
+917428734769 
+917428734770 
+917428734771 
+917428734772 
+917428734773 
+917428734774 
+917428734775 
+917428734776 
+917428734777 
+917428734778 
+917428734779 
+917428734780 
+917428734781 
+917428734782 
+917428734783 
+917428734784 
+917428734785 
+917428734786 
+917428734787 
+917428734788 
+917428734789 
+917428734790 
+917428734791 
+917428734792 
+917428734793 
+917428734794 
+917428734795 
+917428734796 
+917428734797 
+917428734798 
+917428734799 
+917428734800 
+917428734801 
+917428734802 
+917428734803 
+917428734804 
+917428734805 
+917428734806 
+917428734807 
+917428734808 
+917428734809 
+917428734810 
+917428734811 
+917428734812 
+917428734813 
+917428734814 
+917428734815 
+917428734816 
+917428734817 
+917428734818 
+917428734819 
+917428734820 
+917428734821 
+917428734822 
+917428734823 
+917428734824 
+917428734825 
+917428734826 
+917428734827 
+917428734828 
+917428734829 
+917428734830 
+917428734831 
+917428734832 
+917428734833 
+917428734834 
+917428734835 
+917428734836 
+917428734837 
+917428734838 
+917428734839 
+917428734840 
+917428734841 
+917428734842 
+917428734843 
+917428734844 
+917428734845 
+917428734846 
+917428734847 
+917428734848 
+917428734849 
+917428734850 
+917428734851 
+917428734852 
+917428734853 
+917428734854 
+917428734855 
+917428734856 
+917428734857 
+917428734858 
+917428734859 
+917428734860 
+917428734861 
+917428734862 
+917428734863 
+917428734864 
+917428734865 
+917428734866 
+917428734867 
+917428734868 
+917428734869 
+917428734870 
+917428734871 
+917428734872 
+917428734873 
+917428734874 
+917428734875 
+917428734876 
+917428734877 
+917428734878 
+917428734879 
+917428734880 
+917428734881 
+917428734882 
+917428734883 
+917428734884 
+917428734885 
+917428734886 
+917428734887 
+917428734888 
+917428734889 
+917428734890 
+917428734891 
+917428734892 
+917428734893 
+917428734894 
+917428734895 
+917428734896 
+917428734897 
+917428734898 
+917428734899 
+917428734900 
+917428734901 
+917428734902 
+917428734903 
+917428734904 
+917428734905 
+917428734906 
+917428734907 
+917428734908 
+917428734909 
+917428734910 
+917428734911 
+917428734912 
+917428734913 
+917428734914 
+917428734915 
+917428734916 
+917428734917 
+917428734918 
+917428734919 
+917428734920 
+917428734921 
+917428734922 
+917428734923 
+917428734924 
+917428734925 
+917428734926 
+917428734927 
+917428734928 
+917428734929 
+917428734930 
+917428734931 
+917428734932 
+917428734933 
+917428734934 
+917428734935 
+917428734936 
+917428734937 
+917428734938 
+917428734939 
+917428734940 
+917428734941 
+917428734942 
+917428734943 
+917428734944 
+917428734945 
+917428734946 
+917428734947 
+917428734948 
+917428734949 
+917428734950 
+917428734951 
+917428734952 
+917428734953 
+917428734954 
+917428734955 
+917428734956 
+917428734957 
+917428734958 
+917428734959 
+917428734960 
+917428734961 
+917428734962 
+917428734963 
+917428734964 
+917428734965 
+917428734966 
+917428734967 
+917428734968 
+917428734969 
+917428734970 
+917428734971 
+917428734972 
+917428734973 
+917428734974 
+917428734975 
+917428734976 
+917428734977 
+917428734978 
+917428734979 
+917428734980 
+917428734981 
+917428734982 
+917428734983 
+917428734984 
+917428734985 
+917428734986 
+917428734987 
+917428734988 
+917428734989 
+917428734990 
+917428734991 
+917428734992 
+917428734993 
+917428734994 
+917428734995 
+917428734996 
+917428734997 
+917428734998 
+917428734999 
+917428735000 
+917428735001 
+917428735002 
+917428735003 
+917428735004 
+917428735005 
+917428735006 
+917428735007 
+917428735008 
+917428735009 
+917428735010 
+917428735011 
+917428735012 
+917428735013 
+917428735014 
+917428735015 
+917428735016 
+917428735017 
+917428735018 
+917428735019 
+917428735020 
+917428735021 
+917428735022 
+917428735023 
+917428735024 
+917428735025 
+917428735026 
+917428735027 
+917428735028 
+917428735029 
+917428735030 
+917428735031 
+917428735032 
+917428735033 
+917428735034 
+917428735035 
+917428735036 
+917428735037 
+917428735038 
+917428735039 
+917428735040 
+917428735041 
+917428735042 
+917428735043 
+917428735044 
+917428735045 
+917428735046 
+917428735047 
+917428735048 
+917428735049 
+917428735050 
+917428735051 
+917428735052 
+917428735053 
+917428735054 
+917428735055 
+917428735056 
+917428735057 
+917428735058 
+917428735059 
+917428735060 
+917428735061 
+917428735062 
+917428735063 
+917428735064 
+917428735065 
+917428735066 
+917428735067 
+917428735068 
+917428735069 
+917428735070 
+917428735071 
+917428735072 
+917428735073 
+917428735074 
+917428735075 
+917428735076 
+917428735077 
+917428735078 
+917428735079 
+917428735080 
+917428735081 
+917428735082 
+917428735083 
+917428735084 
+917428735085 
+917428735086 
+917428735087 
+917428735088 
+917428735089 
+917428735090 
+917428735091 
+917428735092 
+917428735093 
+917428735094 
+917428735095 
+917428735096 
+917428735097 
+917428735098 
+917428735099 
+917428735100 
+917428735101 
+917428735102 
+917428735103 
+917428735104 
+917428735105 
+917428735106 
+917428735107 
+917428735108 
+917428735109 
+917428735110 
+917428735111 
+917428735112 
+917428735113 
+917428735114 
+917428735115 
+917428735116 
+917428735117 
+917428735118 
+917428735119 
+917428735120 
+917428735121 
+917428735122 
+917428735123 
+917428735124 
+917428735125 
+917428735126 
+917428735127 
+917428735128 
+917428735129 
+917428735130 
+917428735131 
+917428735132 
+917428735133 
+917428735134 
+917428735135 
+917428735136 
+917428735137 
+917428735138 
+917428735139 
+917428735140 
+917428735141 
+917428735142 
+917428735143 
+917428735144 
+917428735145 
+917428735146 
+917428735147 
+917428735148 
+917428735149 
+917428735150 
+917428735151 
+917428735152 
+917428735153 
+917428735154 
+917428735155 
+917428735156 
+917428735157 
+917428735158 
+917428735159 
+917428735160 
+917428735161 
+917428735162 
+917428735163 
+917428735164 
+917428735165 
+917428735166 
+917428735167 
+917428735168 
+917428735169 
+917428735170 
+917428735171 
+917428735172 
+917428735173 
+917428735174 
+917428735175 
+917428735176 
+917428735177 
+917428735178 
+917428735179 
+917428735180 
+917428735181 
+917428735182 
+917428735183 
+917428735184 
+917428735185 
+917428735186 
+917428735187 
+917428735188 
+917428735189 
+917428735190 
+917428735191 
+917428735192 
+917428735193 
+917428735194 
+917428735195 
+917428735196 
+917428735197 
+917428735198 
+917428735199 
+917428735200 
+917428735201 
+917428735202 
+917428735203 
+917428735204 
+917428735205 
+917428735206 
+917428735207 
+917428735208 
+917428735209 
+917428735210 
+917428735211 
+917428735212 
+917428735213 
+917428735214 
+917428735215 
+917428735216 
+917428735217 
+917428735218 
+917428735219 
+917428735220 
+917428735221 
+917428735222 
+917428735223 
+917428735224 
+917428735225 
+917428735226 
+917428735227 
+917428735228 
+917428735229 
+917428735230 
+917428735231 
+917428735232 
+917428735233 
+917428735234 
+917428735235 
+917428735236 
+917428735237 
+917428735238 
+917428735239 
+917428735240 
+917428735241 
+917428735242 
+917428735243 
+917428735244 
+917428735245 
+917428735246 
+917428735247 
+917428735248 
+917428735249 
+917428735250 
+917428735251 
+917428735252 
+917428735253 
+917428735254 
+917428735255 
+917428735256 
+917428735257 
+917428735258 
+917428735259 
+917428735260 
+917428735261 
+917428735262 
+917428735263 
+917428735264 
+917428735265 
+917428735266 
+917428735267 
+917428735268 
+917428735269 
+917428735270 
+917428735271 
+917428735272 
+917428735273 
+917428735274 
+917428735275 
+917428735276 
+917428735277 
+917428735278 
+917428735279 
+917428735280 
+917428735281 
+917428735282 
+917428735283 
+917428735284 
+917428735285 
+917428735286 
+917428735287 
+917428735288 
+917428735289 
+917428735290 
+917428735291 
+917428735292 
+917428735293 
+917428735294 
+917428735295 
+917428735296 
+917428735297 
+917428735298 
+917428735299 
+917428735300 
+917428735301 
+917428735302 
+917428735303 
+917428735304 
+917428735305 
+917428735306 
+917428735307 
+917428735308 
+917428735309 
+917428735310 
+917428735311 
+917428735312 
+917428735313 
+917428735314 
+917428735315 
+917428735316 
+917428735317 
+917428735318 
+917428735319 
+917428735320 
+917428735321 
+917428735322 
+917428735323 
+917428735324 
+917428735325 
+917428735326 
+917428735327 
+917428735328 
+917428735329 
+917428735330 
+917428735331 
+917428735332 
+917428735333 
+917428735334 
+917428735335 
+917428735336 
+917428735337 
+917428735338 
+917428735339 
+917428735340 
+917428735341 
+917428735342 
+917428735343 
+917428735344 
+917428735345 
+917428735346 
+917428735347 
+917428735348 
+917428735349 
+917428735350 
+917428735351 
+917428735352 
+917428735353 
+917428735354 
+917428735355 
+917428735356 
+917428735357 
+917428735358 
+917428735359 
+917428735360 
+917428735361 
+917428735362 
+917428735363 
+917428735364 
+917428735365 
+917428735366 
+917428735367 
+917428735368 
+917428735369 
+917428735370 
+917428735371 
+917428735372 
+917428735373 
+917428735374 
+917428735375 
+917428735376 
+917428735377 
+917428735378 
+917428735379 
+917428735380 
+917428735381 
+917428735382 
+917428735383 
+917428735384 
+917428735385 
+917428735386 
+917428735387 
+917428735388 
+917428735389 
+917428735390 
+917428735391 
+917428735392 
+917428735393 
+917428735394 
+917428735395 
+917428735396 
+917428735397 
+917428735398 
+917428735399 
+917428735400 
+917428735401 
+917428735402 
+917428735403 
+917428735404 
+917428735405 
+917428735406 
+917428735407 
+917428735408 
+917428735409 
+917428735410 
+917428735411 
+917428735412 
+917428735413 
+917428735414 
+917428735415 
+917428735416 
+917428735417 
+917428735418 
+917428735419 
+917428735420 
+917428735421 
+917428735422 
+917428735423 
+917428735424 
+917428735425 
+917428735426 
+917428735427 
+917428735428 
+917428735429 
+917428735430 
+917428735431 
+917428735432 
+917428735433 
+917428735434 
+917428735435 
+917428735436 
+917428735437 
+917428735438 
+917428735439 
+917428735440 
+917428735441 
+917428735442 
+917428735443 
+917428735444 
+917428735445 
+917428735446 
+917428735447 
+917428735448 
+917428735449 
+917428735450 
+917428735451 
+917428735452 
+917428735453 
+917428735454 
+917428735455 
+917428735456 
+917428735457 
+917428735458 
+917428735459 
+917428735460 
+917428735461 
+917428735462 
+917428735463 
+917428735464 
+917428735465 
+917428735466 
+917428735467 
+917428735468 
+917428735469 
+917428735470 
+917428735471 
+917428735472 
+917428735473 
+917428735474 
+917428735475 
+917428735476 
+917428735477 
+917428735478 
+917428735479 
+917428735480 
+917428735481 
+917428735482 
+917428735483 
+917428735484 
+917428735485 
+917428735486 
+917428735487 
+917428735488 
+917428735489 
+917428735490 
+917428735491 
+917428735492 
+917428735493 
+917428735494 
+917428735495 
+917428735496 
+917428735497 
+917428735498 
+917428735499 
+917428735500 
+917428735501 
+917428735502 
+917428735503 
+917428735504 
+917428735505 
+917428735506 
+917428735507 
+917428735508 
+917428735509 
+917428735510 
+917428735511 
+917428735512 
+917428735513 
+917428735514 
+917428735515 
+917428735516 
+917428735517 
+917428735518 
+917428735519 
+917428735520 
+917428735521 
+917428735522 
+917428735523 
+917428735524 
+917428735525 
+917428735526 
+917428735527 
+917428735528 
+917428735529 
+917428735530 
+917428735531 
+917428735532 
+917428735533 
+917428735534 
+917428735535 
+917428735536 
+917428735537 
+917428735538 
+917428735539 
+917428735540 
+917428735541 
+917428735542 
+917428735543 
+917428735544 
+917428735545 
+917428735546 
+917428735547 
+917428735548 
+917428735549 
+917428735550 
+917428735551 
+917428735552 
+917428735553 
+917428735554 
+917428735555 
+917428735556 
+917428735557 
+917428735558 
+917428735559 
+917428735560 
+917428735561 
+917428735562 
+917428735563 
+917428735564 
+917428735565 
+917428735566 
+917428735567 
+917428735568 
+917428735569 
+917428735570 
+917428735571 
+917428735572 
+917428735573 
+917428735574 
+917428735575 
+917428735576 
+917428735577 
+917428735578 
+917428735579 
+917428735580 
+917428735581 
+917428735582 
+917428735583 
+917428735584 
+917428735585 
+917428735586 
+917428735587 
+917428735588 
+917428735589 
+917428735590 
+917428735591 
+917428735592 
+917428735593 
+917428735594 
+917428735595 
+917428735596 
+917428735597 
+917428735598 
+917428735599 
+917428735600 
+917428735601 
+917428735602 
+917428735603 
+917428735604 
+917428735605 
+917428735606 
+917428735607 
+917428735608 
+917428735609 
+917428735610 
+917428735611 
+917428735612 
+917428735613 
+917428735614 
+917428735615 
+917428735616 
+917428735617 
+917428735618 
+917428735619 
+917428735620 
+917428735621 
+917428735622 
+917428735623 
+917428735624 
+917428735625 
+917428735626 
+917428735627 
+917428735628 
+917428735629 
+917428735630 
+917428735631 
+917428735632 
+917428735633 
+917428735634 
+917428735635 
+917428735636 
+917428735637 
+917428735638 
+917428735639 
+917428735640 
+917428735641 
+917428735642 
+917428735643 
+917428735644 
+917428735645 
+917428735646 
+917428735647 
+917428735648 
+917428735649 
+917428735650 
+917428735651 
+917428735652 
+917428735653 
+917428735654 
+917428735655 
+917428735656 
+917428735657 
+917428735658 
+917428735659 
+917428735660 
+917428735661 
+917428735662 
+917428735663 
+917428735664 
+917428735665 
+917428735666 
+917428735667 
+917428735668 
+917428735669 
+917428735670 
+917428735671 
+917428735672 
+917428735673 
+917428735674 
+917428735675 
+917428735676 
+917428735677 
+917428735678 
+917428735679 
+917428735680 
+917428735681 
+917428735682 
+917428735683 
+917428735684 
+917428735685 
+917428735686 
+917428735687 
+917428735688 
+917428735689 
+917428735690 
+917428735691 
+917428735692 
+917428735693 
+917428735694 
+917428735695 
+917428735696 
+917428735697 
+917428735698 
+917428735699 
+917428735700 
+917428735701 
+917428735702 
+917428735703 
+917428735704 
+917428735705 
+917428735706 
+917428735707 
+917428735708 
+917428735709 
+917428735710 
+917428735711 
+917428735712 
+917428735713 
+917428735714 
+917428735715 
+917428735716 
+917428735717 
+917428735718 
+917428735719 
+917428735720 
+917428735721 
+917428735722 
+917428735723 
+917428735724 
+917428735725 
+917428735726 
+917428735727 
+917428735728 
+917428735729 
+917428735730 
+917428735731 
+917428735732 
+917428735733 
+917428735734 
+917428735735 
+917428735736 
+917428735737 
+917428735738 
+917428735739 
+917428735740 
+917428735741 
+917428735742 
+917428735743 
+917428735744 
+917428735745 
+917428735746 
+917428735747 
+917428735748 
+917428735749 
+917428735750 
+917428735751 
+917428735752 
+917428735753 
+917428735754 
+917428735755 
+917428735756 
+917428735757 
+917428735758 
+917428735759 
+917428735760 
+917428735761 
+917428735762 
+917428735763 
+917428735764 
+917428735765 
+917428735766 
+917428735767 
+917428735768 
+917428735769 
+917428735770 
+917428735771 
+917428735772 
+917428735773 
+917428735774 
+917428735775 
+917428735776 
+917428735777 
+917428735778 
+917428735779 
+917428735780 
+917428735781 
+917428735782 
+917428735783 
+917428735784 
+917428735785 
+917428735786 
+917428735787 
+917428735788 
+917428735789 
+917428735790 
+917428735791 
+917428735792 
+917428735793 
+917428735794 
+917428735795 
+917428735796 
+917428735797 
+917428735798 
+917428735799 
+917428735800 
+917428735801 
+917428735802 
+917428735803 
+917428735804 
+917428735805 
+917428735806 
+917428735807 
+917428735808 
+917428735809 
+917428735810 
+917428735811 
+917428735812 
+917428735813 
+917428735814 
+917428735815 
+917428735816 
+917428735817 
+917428735818 
+917428735819 
+917428735820 
+917428735821 
+917428735822 
+917428735823 
+917428735824 
+917428735825 
+917428735826 
+917428735827 
+917428735828 
+917428735829 
+917428735830 
+917428735831 
+917428735832 
+917428735833 
+917428735834 
+917428735835 
+917428735836 
+917428735837 
+917428735838 
+917428735839 
+917428735840 
+917428735841 
+917428735842 
+917428735843 
+917428735844 
+917428735845 
+917428735846 
+917428735847 
+917428735848 
+917428735849 
+917428735850 
+917428735851 
+917428735852 
+917428735853 
+917428735854 
+917428735855 
+917428735856 
+917428735857 
+917428735858 
+917428735859 
+917428735860 
+917428735861 
+917428735862 
+917428735863 
+917428735864 
+917428735865 
+917428735866 
+917428735867 
+917428735868 
+917428735869 
+917428735870 
+917428735871 
+917428735872 
+917428735873 
+917428735874 
+917428735875 
+917428735876 
+917428735877 
+917428735878 
+917428735879 
+917428735880 
+917428735881 
+917428735882 
+917428735883 
+917428735884 
+917428735885 
+917428735886 
+917428735887 
+917428735888 
+917428735889 
+917428735890 
+917428735891 
+917428735892 
+917428735893 
+917428735894 
